1,fb0,1.09065,1.2712
1,fb1,1.69049,1.89809
1,fb2,1.95218,1.09583
2,fb0,1.09065,1.2712
2,fb1,1.69049,1.89809
2,fb2,1.95218,1.09583
3,fb0,1.09065,1.2712
3,fb1,1.69049,1.89809
3,fb2,1.95218,1.09583
4,fb0,1.09065,1.2712
4,fb1,1.69049,1.89809
4,fb2,1.95218,1.09583
5,fb0,1.09065,1.2712
5,fb1,1.69049,1.89809
5,fb2,1.95218,1.09583
6,fb0,1.09065,1.2712
6,fb1,1.69049,1.89809
6,fb2,1.95218,1.09583
7,fb0,1.09065,1.2712
7,fb1,1.69049,1.89809
7,fb2,1.95218,1.09583
8,fb0,1.09065,1.2712
8,fb1,1.69049,1.89809
8,fb2,1.95218,1.09583
9,fb0,1.09065,1.2712
9,fb1,1.68672,1.89731
9,fb2,1.95218,1.09583
10,fb0,1.09065,1.2712
10,fb1,1.68259,1.89624
10,fb2,1.95218,1.09583
11,fb0,1.09065,1.2712
11,fb1,1.67853,1.89499
11,fb2,1.95218,1.09583
12,fb0,1.09065,1.2712
12,fb1,1.67453,1.89357
12,fb2,1.95218,1.09583
13,fb0,1.09065,1.2712
13,fb1,1.6706,1.89201
13,fb2,1.95249,1.09361
14,fb0,1.09065,1.2712
14,fb1,1.66675,1.89029
14,fb2,1.95274,1.09113
15,fb0,1.09099,1.27283
15,fb1,1.66297,1.88844
15,fb2,1.95293,1.08864
16,fb0,1.09142,1.27461
16,fb1,1.65927,1.88646
16,fb2,1.95306,1.08615
17,fb0,1.09187,1.27635
17,fb1,1.65566,1.88437
17,fb2,1.95312,1.08365
18,fb0,1.09234,1.27806
18,fb1,1.65405,1.88336
18,fb2,1.95312,1.08115
19,fb0,1.09284,1.27974
19,fb1,1.65268,1.88247
19,fb2,1.95305,1.07866
20,fb0,1.09336,1.28139
20,fb1,1.65133,1.88157
20,fb2,1.95293,1.07616
21,fb0,1.0939,1.28301
21,fb1,1.65,1.88066
21,fb2,1.95275,1.07368
22,fb0,1.09446,1.2846
22,fb1,1.64869,1.87974
22,fb2,1.95251,1.0712
23,fb0,1.09504,1.28617
23,fb1,1.64741,1.87881
23,fb2,1.95221,1.06873
24,fb0,1.09564,1.2877
24,fb1,1.64614,1.87787
24,fb2,1.95186,1.06628
25,fb0,1.09625,1.28921
25,fb1,1.6449,1.87693
25,fb2,1.95145,1.06383
26,fb0,1.09687,1.29068
26,fb1,1.64369,1.87598
26,fb2,1.951,1.0614
27,fb0,1.09751,1.29213
27,fb1,1.6425,1.87503
27,fb2,1.95049,1.05898
28,fb0,1.09816,1.29354
28,fb1,1.64133,1.87407
28,fb2,1.94993,1.05657
29,fb0,1.09882,1.29492
29,fb1,1.64019,1.87312
29,fb2,1.94933,1.05418
30,fb0,1.09948,1.29627
30,fb1,1.63907,1.87216
30,fb2,1.94868,1.0518
31,fb0,1.10016,1.29758
31,fb1,1.63798,1.8712
31,fb2,1.94798,1.04945
32,fb0,1.10084,1.29887
32,fb1,1.63691,1.87024
32,fb2,1.94724,1.04711
33,fb0,1.10153,1.30012
33,fb1,1.63587,1.86928
33,fb2,1.94646,1.04479
34,fb0,1.10222,1.30134
34,fb1,1.63485,1.86832
34,fb2,1.94564,1.04249
35,fb0,1.10291,1.30253
35,fb1,1.63386,1.86737
35,fb2,1.94478,1.04021
36,fb0,1.10361,1.30369
36,fb1,1.63289,1.86642
36,fb2,1.94388,1.03795
37,fb0,1.10431,1.30482
37,fb1,1.63195,1.86547
37,fb2,1.94294,1.03571
38,fb0,1.10501,1.30591
38,fb1,1.63103,1.86452
38,fb2,1.94197,1.03349
39,fb0,1.10571,1.30698
39,fb1,1.63014,1.86358
39,fb2,1.94096,1.03129
40,fb0,1.10641,1.30802
40,fb1,1.62927,1.86265
40,fb2,1.93992,1.02911
41,fb0,1.1071,1.30903
41,fb1,1.62842,1.86172
41,fb2,1.93885,1.02695
42,fb0,1.1078,1.31001
42,fb1,1.62759,1.86079
42,fb2,1.93775,1.02482
43,fb0,1.1085,1.31096
43,fb1,1.62679,1.85987
43,fb2,1.93662,1.02271
44,fb0,1.1092,1.31189
44,fb1,1.626,1.85895
44,fb2,1.93546,1.02062
45,fb0,1.10989,1.31279
45,fb1,1.62524,1.85804
45,fb2,1.93427,1.01855
46,fb0,1.11059,1.31367
46,fb1,1.6245,1.85713
46,fb2,1.93306,1.0165
47,fb0,1.11128,1.31452
47,fb1,1.62378,1.85623
47,fb2,1.93182,1.01448
48,fb0,1.11197,1.31535
48,fb1,1.62308,1.85533
48,fb2,1.93056,1.01248
49,fb0,1.11266,1.31616
49,fb1,1.6224,1.85444
49,fb2,1.92928,1.0105
50,fb0,1.11336,1.31696
50,fb1,1.62173,1.85354
50,fb2,1.92797,1.00855
51,fb0,1.11405,1.31773
51,fb1,1.62109,1.85265
51,fb2,1.92665,1.00662
52,fb0,1.11475,1.31848
52,fb1,1.62045,1.85177
52,fb2,1.9253,1.00471
53,fb0,1.11545,1.31922
53,fb1,1.61984,1.85088
53,fb2,1.92393,1.00282
54,fb0,1.11616,1.31995
54,fb1,1.61924,1.84999
54,fb2,1.92255,1.00095
55,fb0,1.11688,1.32066
55,fb1,1.61865,1.8491
55,fb2,1.92115,0.999106
56,fb0,1.1176,1.32136
56,fb1,1.61808,1.84821
56,fb2,1.91974,0.997283
57,fb0,1.11767,1.32143
57,fb1,1.61752,1.84731
57,fb2,1.9183,0.995482
58,fb0,1.11767,1.32143
58,fb1,1.61697,1.84641
58,fb2,1.91686,0.9937
59,fb0,1.11767,1.32143
59,fb1,1.61643,1.8455
59,fb2,1.9154,0.991939
60,fb0,1.11767,1.32143
60,fb1,1.61591,1.84458
60,fb2,1.91392,0.990196
61,fb0,1.11857,1.32161
61,fb1,1.6154,1.84365
61,fb2,1.91243,0.988473
62,fb0,1.11957,1.32179
62,fb1,1.61489,1.84272
62,fb2,1.91093,0.986771
63,fb0,1.12059,1.32196
63,fb1,1.6144,1.84178
63,fb2,1.90942,0.98509
64,fb0,1.12162,1.32212
64,fb1,1.61392,1.84082
64,fb2,1.9079,0.98343
65,fb0,1.12267,1.32226
65,fb1,1.61345,1.83986
65,fb2,1.90637,0.981791
66,fb0,1.12374,1.3224
66,fb1,1.61299,1.83887
66,fb2,1.90483,0.980172
67,fb0,1.12483,1.32253
67,fb1,1.61253,1.83787
67,fb2,1.90329,0.978574
68,fb0,1.12594,1.32264
68,fb1,1.61209,1.83685
68,fb2,1.90174,0.976996
69,fb0,1.12709,1.32274
69,fb1,1.61204,1.83675
69,fb2,1.90018,0.975437
70,fb0,1.12825,1.32282
70,fb1,1.61204,1.83675
70,fb2,1.89863,0.973899
71,fb0,1.12942,1.32289
71,fb1,1.61204,1.83675
71,fb2,1.89706,0.972381
72,fb0,1.13061,1.32294
72,fb1,1.61204,1.83675
72,fb2,1.8955,0.970883
73,fb0,1.13182,1.32297
73,fb1,1.61222,1.83571
73,fb2,1.89393,0.969404
74,fb0,1.13305,1.32298
74,fb1,1.61244,1.83455
74,fb2,1.89237,0.967945
75,fb0,1.13431,1.32297
75,fb1,1.61268,1.83337
75,fb2,1.8908,0.966505
76,fb0,1.1356,1.32294
76,fb1,1.61295,1.83217
76,fb2,1.88923,0.965083
77,fb0,1.13693,1.32288
77,fb1,1.61323,1.83095
77,fb2,1.88766,0.963679
78,fb0,1.13829,1.3228
78,fb1,1.61353,1.8297
78,fb2,1.8861,0.962294
79,fb0,1.13843,1.32279
79,fb1,1.61386,1.82844
79,fb2,1.88453,0.960927
80,fb0,1.13843,1.32279
80,fb1,1.61421,1.82716
80,fb2,1.88297,0.959574
81,fb0,1.13843,1.32279
81,fb1,1.61459,1.82587
81,fb2,1.8814,0.958234
82,fb0,1.13959,1.32216
82,fb1,1.61499,1.82458
82,fb2,1.87984,0.956908
83,fb0,1.14088,1.32141
83,fb1,1.61541,1.82327
83,fb2,1.87827,0.955598
84,fb0,1.14217,1.32063
84,fb1,1.61586,1.82195
84,fb2,1.87672,0.954305
85,fb0,1.14348,1.31981
85,fb1,1.61634,1.82062
85,fb2,1.87516,0.953028
86,fb0,1.1448,1.31895
86,fb1,1.61684,1.81928
86,fb2,1.87362,0.951768
87,fb0,1.14612,1.31806
87,fb1,1.61738,1.81792
87,fb2,1.87208,0.950523
88,fb0,1.14745,1.31713
88,fb1,1.61794,1.81656
88,fb2,1.87054,0.949293
89,fb0,1.14878,1.31616
89,fb1,1.61853,1.81518
89,fb2,1.86902,0.948079
90,fb0,1.15012,1.31514
90,fb1,1.61916,1.8138
90,fb2,1.8675,0.946879
91,fb0,1.15146,1.31409
91,fb1,1.61981,1.81242
91,fb2,1.866,0.94569
92,fb0,1.15279,1.313
92,fb1,1.6205,1.81103
92,fb2,1.8645,0.944511
93,fb0,1.15412,1.31186
93,fb1,1.62122,1.80964
93,fb2,1.86302,0.943343
94,fb0,1.15544,1.31069
94,fb1,1.62197,1.80824
94,fb2,1.86156,0.942184
95,fb0,1.15676,1.30948
95,fb1,1.62275,1.80685
95,fb2,1.8601,0.941035
96,fb0,1.15806,1.30823
96,fb1,1.62356,1.80546
96,fb2,1.85866,0.939897
97,fb0,1.15935,1.30694
97,fb1,1.62439,1.80408
97,fb2,1.85723,0.938768
98,fb0,1.16063,1.30561
98,fb1,1.62526,1.8027
98,fb2,1.85582,0.937649
99,fb0,1.16188,1.30425
99,fb1,1.62616,1.80134
99,fb2,1.85441,0.936541
100,fb0,1.16311,1.30286
100,fb1,1.62708,1.79998
100,fb2,1.85302,0.935442
101,fb0,1.16432,1.30143
101,fb1,1.62802,1.79864
101,fb2,1.85164,0.934353
102,fb0,1.16551,1.29998
102,fb1,1.62899,1.79731
102,fb2,1.85028,0.933273
103,fb0,1.16667,1.29849
103,fb1,1.62998,1.79601
103,fb2,1.84892,0.932203
104,fb0,1.16779,1.29699
104,fb1,1.63099,1.79472
104,fb2,1.84758,0.931142
105,fb0,1.16889,1.29546
105,fb1,1.63202,1.79345
105,fb2,1.84624,0.930089
106,fb0,1.16995,1.29391
106,fb1,1.63306,1.7922
106,fb2,1.84492,0.929045
107,fb0,1.17098,1.29234
107,fb1,1.63411,1.79098
107,fb2,1.84361,0.928009
108,fb0,1.17198,1.29076
108,fb1,1.63518,1.78979
108,fb2,1.84231,0.926981
109,fb0,1.17293,1.28916
109,fb1,1.63625,1.78862
109,fb2,1.84101,0.925959
110,fb0,1.17386,1.28755
110,fb1,1.63733,1.78747
110,fb2,1.83973,0.924945
111,fb0,1.17474,1.28594
111,fb1,1.63841,1.78636
111,fb2,1.83845,0.923937
112,fb0,1.17558,1.28432
112,fb1,1.6395,1.78527
112,fb2,1.83719,0.922932
113,fb0,1.17639,1.2827
113,fb1,1.64058,1.78422
113,fb2,1.83593,0.921928
114,fb0,1.17716,1.28108
114,fb1,1.64166,1.78319
114,fb2,1.83468,0.920925
115,fb0,1.17789,1.27945
115,fb1,1.64342,1.78156
115,fb2,1.83344,0.919922
116,fb0,1.17859,1.27783
116,fb1,1.64525,1.77984
116,fb2,1.83221,0.918917
117,fb0,1.17924,1.27621
117,fb1,1.64707,1.77811
117,fb2,1.83098,0.917909
118,fb0,1.17986,1.2746
118,fb1,1.64888,1.77635
118,fb2,1.82976,0.916897
119,fb0,1.18045,1.27299
119,fb1,1.65067,1.77458
119,fb2,1.82855,0.91588
120,fb0,1.181,1.27137
120,fb1,1.65246,1.77278
120,fb2,1.82734,0.914856
121,fb0,1.18152,1.26977
121,fb1,1.65423,1.77095
121,fb2,1.82613,0.913824
122,fb0,1.182,1.26816
122,fb1,1.656,1.76911
122,fb2,1.82493,0.912783
123,fb0,1.18245,1.26655
123,fb1,1.65775,1.76724
123,fb2,1.82373,0.911731
124,fb0,1.18288,1.26495
124,fb1,1.65948,1.76535
124,fb2,1.82253,0.910668
125,fb0,1.18326,1.26335
125,fb1,1.66121,1.76344
125,fb2,1.82134,0.909592
126,fb0,1.18362,1.26174
126,fb1,1.66292,1.7615
126,fb2,1.82014,0.908502
127,fb0,1.18395,1.26013
127,fb1,1.66462,1.75955
127,fb2,1.81895,0.907397
128,fb0,1.18425,1.25853
128,fb1,1.66631,1.75757
128,fb2,1.81776,0.906275
129,fb0,1.18452,1.25692
129,fb1,1.66798,1.75556
129,fb2,1.81657,0.905135
130,fb0,1.18475,1.2553
130,fb1,1.66963,1.75354
130,fb2,1.81537,0.903976
131,fb0,1.18496,1.25369
131,fb1,1.67128,1.75149
131,fb2,1.81418,0.902797
132,fb0,1.18514,1.25207
132,fb1,1.6729,1.74943
132,fb2,1.81299,0.901597
133,fb0,1.18529,1.25044
133,fb1,1.67452,1.74734
133,fb2,1.81179,0.900374
134,fb0,1.1854,1.24881
134,fb1,1.67611,1.74522
134,fb2,1.8106,0.899127
135,fb0,1.18549,1.24718
135,fb1,1.67769,1.74309
135,fb2,1.80941,0.897855
136,fb0,1.18555,1.24554
136,fb1,1.67926,1.74093
136,fb2,1.80821,0.896558
137,fb0,1.18557,1.2439
137,fb1,1.6808,1.73876
137,fb2,1.80702,0.895234
138,fb0,1.18556,1.24225
138,fb1,1.68233,1.73656
138,fb2,1.80583,0.893882
139,fb0,1.18552,1.2406
139,fb1,1.68385,1.73434
139,fb2,1.80464,0.892502
140,fb0,1.18545,1.23894
140,fb1,1.68535,1.7321
140,fb2,1.80345,0.891093
141,fb0,1.18535,1.23728
141,fb1,1.68683,1.72983
141,fb2,1.80227,0.889655
142,fb0,1.18521,1.23562
142,fb1,1.68829,1.72755
142,fb2,1.80109,0.888186
143,fb0,1.18504,1.23396
143,fb1,1.68973,1.72525
143,fb2,1.79991,0.886686
144,fb0,1.18483,1.23229
144,fb1,1.69116,1.72292
144,fb2,1.79874,0.885156
145,fb0,1.18459,1.23062
145,fb1,1.69257,1.72058
145,fb2,1.79757,0.883594
146,fb0,1.18432,1.22895
146,fb1,1.69396,1.71821
146,fb2,1.79641,0.882001
147,fb0,1.18409,1.22768
147,fb1,1.69533,1.71583
147,fb2,1.79526,0.880377
148,fb0,1.18384,1.22645
148,fb1,1.69668,1.71343
148,fb2,1.79463,0.87946
149,fb0,1.18357,1.22523
149,fb1,1.69801,1.71101
149,fb2,1.79405,0.878621
150,fb0,1.18328,1.22402
150,fb1,1.69931,1.70859
150,fb2,1.79346,0.877781
151,fb0,1.18297,1.22281
151,fb1,1.70059,1.70616
151,fb2,1.79287,0.876939
152,fb0,1.18263,1.2216
152,fb1,1.70185,1.70372
152,fb2,1.79227,0.876094
153,fb0,1.18228,1.2204
153,fb1,1.70309,1.70127
153,fb2,1.79167,0.875247
154,fb0,1.1819,1.21921
154,fb1,1.7043,1.69881
154,fb2,1.79106,0.874396
155,fb0,1.1815,1.21803
155,fb1,1.70549,1.69635
155,fb2,1.79044,0.87354
156,fb0,1.18108,1.21685
156,fb1,1.70665,1.69389
156,fb2,1.78981,0.872679
157,fb0,1.18064,1.21568
157,fb1,1.7078,1.69141
157,fb2,1.78917,0.871811
158,fb0,1.18018,1.21452
158,fb1,1.70892,1.68894
158,fb2,1.78853,0.870937
159,fb0,1.17969,1.21337
159,fb1,1.71002,1.68646
159,fb2,1.78788,0.870055
160,fb0,1.17919,1.21222
160,fb1,1.7111,1.68398
160,fb2,1.78722,0.869165
161,fb0,1.17867,1.21109
161,fb1,1.71215,1.68149
161,fb2,1.78654,0.868266
162,fb0,1.17812,1.20996
162,fb1,1.71319,1.67901
162,fb2,1.78586,0.867355
163,fb0,1.17756,1.20884
163,fb1,1.7142,1.67652
163,fb2,1.78517,0.866433
164,fb0,1.17698,1.20774
164,fb1,1.7152,1.67403
164,fb2,1.78447,0.865499
165,fb0,1.17637,1.20664
165,fb1,1.71617,1.67154
165,fb2,1.78377,0.864551
166,fb0,1.17575,1.20556
166,fb1,1.71712,1.66905
166,fb2,1.78305,0.86359
167,fb0,1.17511,1.20449
167,fb1,1.71806,1.66657
167,fb2,1.78232,0.862615
168,fb0,1.17445,1.20343
168,fb1,1.71897,1.66408
168,fb2,1.78158,0.861625
169,fb0,1.17377,1.20238
169,fb1,1.71987,1.6616
169,fb2,1.78083,0.860619
170,fb0,1.17307,1.20134
170,fb1,1.72074,1.65911
170,fb2,1.78006,0.859598
171,fb0,1.17235,1.20032
171,fb1,1.7216,1.65663
171,fb2,1.77929,0.85856
172,fb0,1.17162,1.19931
172,fb1,1.72244,1.65416
172,fb2,1.7785,0.857506
173,fb0,1.17087,1.19831
173,fb1,1.72326,1.65168
173,fb2,1.7777,0.856434
174,fb0,1.1701,1.19732
174,fb1,1.72407,1.64921
174,fb2,1.77688,0.855345
175,fb0,1.16931,1.19635
175,fb1,1.72485,1.64675
175,fb2,1.77606,0.854238
176,fb0,1.1685,1.1954
176,fb1,1.72562,1.64428
176,fb2,1.77522,0.853113
177,fb0,1.16768,1.19446
177,fb1,1.72637,1.64182
177,fb2,1.77436,0.851969
178,fb0,1.16684,1.19353
178,fb1,1.72711,1.63937
178,fb2,1.77349,0.850806
179,fb0,1.16599,1.19262
179,fb1,1.72783,1.63692
179,fb2,1.77261,0.849625
180,fb0,1.16512,1.19172
180,fb1,1.72853,1.63447
180,fb2,1.77171,0.848424
181,fb0,1.16423,1.19084
181,fb1,1.72922,1.63203
181,fb2,1.7708,0.847203
182,fb0,1.16333,1.18998
182,fb1,1.72989,1.6296
182,fb2,1.76987,0.845964
183,fb0,1.16241,1.18913
183,fb1,1.73055,1.62717
183,fb2,1.76893,0.844704
184,fb0,1.16147,1.1883
184,fb1,1.73119,1.62474
184,fb2,1.76798,0.843423
185,fb0,1.16053,1.18748
185,fb1,1.73182,1.62232
185,fb2,1.76701,0.84212
186,fb0,1.15956,1.18668
186,fb1,1.73243,1.61991
186,fb2,1.76604,0.840794
187,fb0,1.15859,1.1859
187,fb1,1.73303,1.6175
187,fb2,1.76505,0.839446
188,fb0,1.1576,1.18514
188,fb1,1.73362,1.61509
188,fb2,1.76405,0.838075
189,fb0,1.15659,1.18439
189,fb1,1.73419,1.6127
189,fb2,1.76305,0.836681
190,fb0,1.15558,1.18367
190,fb1,1.73475,1.6103
190,fb2,1.76203,0.835264
191,fb0,1.15455,1.18296
191,fb1,1.7353,1.60791
191,fb2,1.76101,0.833825
192,fb0,1.15351,1.18227
192,fb1,1.73583,1.60553
192,fb2,1.75998,0.832363
193,fb0,1.15245,1.18159
193,fb1,1.73635,1.60315
193,fb2,1.75894,0.830878
194,fb0,1.15139,1.18094
194,fb1,1.73686,1.60077
194,fb2,1.75789,0.829371
195,fb0,1.15031,1.18031
195,fb1,1.73736,1.5984
195,fb2,1.75684,0.827841
196,fb0,1.14922,1.17969
196,fb1,1.73785,1.59604
196,fb2,1.75578,0.826289
197,fb0,1.14812,1.1791
197,fb1,1.73832,1.59367
197,fb2,1.75471,0.824715
198,fb0,1.14701,1.17852
198,fb1,1.73879,1.59132
198,fb2,1.75364,0.823119
199,fb0,1.14589,1.17797
199,fb1,1.73924,1.58896
199,fb2,1.75257,0.821501
200,fb0,1.14476,1.17743
200,fb1,1.73968,1.58661
200,fb2,1.75149,0.819862
201,fb0,1.14362,1.17692
201,fb1,1.74011,1.58427
201,fb2,1.7504,0.818202
202,fb0,1.14247,1.17642
202,fb1,1.74053,1.58192
202,fb2,1.74932,0.816521
203,fb0,1.14132,1.17595
203,fb1,1.74094,1.57958
203,fb2,1.74823,0.81482
204,fb0,1.14015,1.1755
204,fb1,1.74134,1.57725
204,fb2,1.74714,0.813099
205,fb0,1.13898,1.17507
205,fb1,1.74173,1.57491
205,fb2,1.74605,0.811358
206,fb0,1.1378,1.17465
206,fb1,1.74211,1.57258
206,fb2,1.74495,0.809598
207,fb0,1.13661,1.17426
207,fb1,1.74248,1.57025
207,fb2,1.74386,0.807819
208,fb0,1.13542,1.1739
208,fb1,1.74284,1.56792
208,fb2,1.74276,0.806021
209,fb0,1.13422,1.17355
209,fb1,1.74319,1.5656
209,fb2,1.74167,0.804205
210,fb0,1.13301,1.17322
210,fb1,1.74354,1.56328
210,fb2,1.74058,0.802372
211,fb0,1.1318,1.17292
211,fb1,1.74388,1.56096
211,fb2,1.73948,0.800522
212,fb0,1.13058,1.17264
212,fb1,1.74422,1.55864
212,fb2,1.73839,0.798654
213,fb0,1.12936,1.17237
213,fb1,1.74455,1.55632
213,fb2,1.73731,0.796771
214,fb0,1.12813,1.17214
214,fb1,1.74488,1.55401
214,fb2,1.73622,0.794872
215,fb0,1.1269,1.17192
215,fb1,1.74521,1.5517
215,fb2,1.73514,0.792957
216,fb0,1.12566,1.17172
216,fb1,1.74553,1.54939
216,fb2,1.73405,0.791027
217,fb0,1.12443,1.17155
217,fb1,1.74584,1.54707
217,fb2,1.73298,0.789083
218,fb0,1.12319,1.1714
218,fb1,1.74616,1.54476
218,fb2,1.7319,0.787125
219,fb0,1.12194,1.17127
219,fb1,1.74646,1.54246
219,fb2,1.73083,0.785154
220,fb0,1.1207,1.17116
220,fb1,1.74676,1.54015
220,fb2,1.72977,0.783169
221,fb0,1.11945,1.17108
221,fb1,1.74706,1.53784
221,fb2,1.7287,0.781172
222,fb0,1.1182,1.17102
222,fb1,1.74736,1.53553
222,fb2,1.72765,0.779162
223,fb0,1.11695,1.17098
223,fb1,1.74764,1.53322
223,fb2,1.72659,0.77714
224,fb0,1.1157,1.17096
224,fb1,1.74793,1.53091
224,fb2,1.72554,0.775108
225,fb0,1.11445,1.17097
225,fb1,1.74821,1.5286
225,fb2,1.7245,0.773064
226,fb0,1.1132,1.17099
226,fb1,1.74849,1.52629
226,fb2,1.72346,0.771009
227,fb0,1.11195,1.17104
227,fb1,1.74876,1.52398
227,fb2,1.72243,0.768944
228,fb0,1.11071,1.17112
228,fb1,1.74904,1.52167
228,fb2,1.7214,0.766869
229,fb0,1.10946,1.17121
229,fb1,1.7493,1.51935
229,fb2,1.72038,0.764785
230,fb0,1.10821,1.17133
230,fb1,1.74957,1.51704
230,fb2,1.71936,0.762691
231,fb0,1.10697,1.17147
231,fb1,1.74983,1.51473
231,fb2,1.71835,0.760589
232,fb0,1.10573,1.17163
232,fb1,1.75009,1.51241
232,fb2,1.71735,0.758478
233,fb0,1.1045,1.17181
233,fb1,1.75034,1.51009
233,fb2,1.71634,0.756362
234,fb0,1.10326,1.17201
234,fb1,1.75059,1.50778
234,fb2,1.71534,0.754239
235,fb0,1.10203,1.17224
235,fb1,1.75085,1.50546
235,fb2,1.71434,0.752111
236,fb0,1.10081,1.17249
236,fb1,1.75109,1.50314
236,fb2,1.71333,0.74998
237,fb0,1.09959,1.17276
237,fb1,1.75134,1.50082
237,fb2,1.71233,0.747844
238,fb0,1.09837,1.17305
238,fb1,1.75158,1.49849
238,fb2,1.71132,0.745705
239,fb0,1.09716,1.17337
239,fb1,1.75182,1.49617
239,fb2,1.71031,0.743562
240,fb0,1.09596,1.1737
240,fb1,1.75205,1.49385
240,fb2,1.70931,0.741413
241,fb0,1.09476,1.17406
241,fb1,1.75229,1.49152
241,fb2,1.70831,0.73926
242,fb0,1.09357,1.17444
242,fb1,1.75252,1.48919
242,fb2,1.7073,0.737104
243,fb0,1.09239,1.17484
243,fb1,1.75275,1.48687
243,fb2,1.70629,0.734946
244,fb0,1.09121,1.17526
244,fb1,1.75298,1.48454
244,fb2,1.70529,0.732784
245,fb0,1.09004,1.1757
245,fb1,1.75321,1.48221
245,fb2,1.70428,0.730619
246,fb0,1.08888,1.17616
246,fb1,1.75344,1.47987
246,fb2,1.70327,0.728452
247,fb0,1.08773,1.17665
247,fb1,1.75366,1.47754
247,fb2,1.70226,0.72628
248,fb0,1.08658,1.17715
248,fb1,1.75388,1.47521
248,fb2,1.70126,0.724104
249,fb0,1.08545,1.17768
249,fb1,1.7541,1.47287
249,fb2,1.70025,0.721926
250,fb0,1.08432,1.17822
250,fb1,1.75432,1.47054
250,fb2,1.69925,0.719746
251,fb0,1.08321,1.17878
251,fb1,1.75454,1.4682
251,fb2,1.69824,0.717564
252,fb0,1.0821,1.17937
252,fb1,1.75476,1.46586
252,fb2,1.69723,0.71538
253,fb0,1.08101,1.17997
253,fb1,1.75498,1.46352
253,fb2,1.69622,0.713195
254,fb0,1.07992,1.18059
254,fb1,1.7552,1.46118
254,fb2,1.69521,0.711007
255,fb0,1.07885,1.18124
255,fb1,1.75541,1.45884
255,fb2,1.6942,0.708818
256,fb0,1.07779,1.1819
256,fb1,1.75562,1.4565
256,fb2,1.6932,0.706624
257,fb0,1.07674,1.18258
257,fb1,1.75584,1.45415
257,fb2,1.69219,0.704427
258,fb0,1.07571,1.18328
258,fb1,1.75605,1.45181
258,fb2,1.69119,0.70223
259,fb0,1.07468,1.18399
259,fb1,1.75626,1.44946
259,fb2,1.69019,0.700031
260,fb0,1.07367,1.18473
260,fb1,1.75647,1.44711
260,fb2,1.68918,0.697831
261,fb0,1.07267,1.18548
261,fb1,1.75668,1.44477
261,fb2,1.68817,0.695629
262,fb0,1.07169,1.18625
262,fb1,1.75689,1.44242
262,fb2,1.68717,0.693427
263,fb0,1.07072,1.18704
263,fb1,1.7571,1.44007
263,fb2,1.68616,0.691223
264,fb0,1.06976,1.18785
264,fb1,1.75732,1.43771
264,fb2,1.68515,0.689018
265,fb0,1.06882,1.18867
265,fb1,1.75753,1.43536
265,fb2,1.68415,0.686813
266,fb0,1.0679,1.18951
266,fb1,1.75774,1.43301
266,fb2,1.68314,0.684607
267,fb0,1.06699,1.19037
267,fb1,1.75795,1.43065
267,fb2,1.68213,0.682399
268,fb0,1.06609,1.19124
268,fb1,1.75816,1.4283
268,fb2,1.68113,0.680188
269,fb0,1.06521,1.19213
269,fb1,1.75838,1.42594
269,fb2,1.68013,0.677976
270,fb0,1.06435,1.19303
270,fb1,1.75859,1.42358
270,fb2,1.67913,0.675763
271,fb0,1.0635,1.19395
271,fb1,1.75861,1.42335
271,fb2,1.67812,0.673549
272,fb0,1.06267,1.19488
272,fb1,1.75861,1.42335
272,fb2,1.67715,0.671394
273,fb0,1.06185,1.19583
273,fb1,1.75871,1.42308
273,fb2,1.67621,0.669305
274,fb0,1.06106,1.19679
274,fb1,1.75882,1.4228
274,fb2,1.67529,0.667274
275,fb0,1.06028,1.19777
275,fb1,1.75894,1.42252
275,fb2,1.67439,0.665296
276,fb0,1.05951,1.19876
276,fb1,1.75905,1.42224
276,fb2,1.67352,0.663369
277,fb0,1.05877,1.19976
277,fb1,1.75916,1.42197
277,fb2,1.67267,0.661491
278,fb0,1.05804,1.20078
278,fb1,1.75927,1.42169
278,fb2,1.67184,0.659658
279,fb0,1.05733,1.20181
279,fb1,1.75939,1.42141
279,fb2,1.67103,0.657869
280,fb0,1.05664,1.20285
280,fb1,1.75951,1.42112
280,fb2,1.67024,0.656121
281,fb0,1.05597,1.20391
281,fb1,1.75963,1.42082
281,fb2,1.66947,0.654413
282,fb0,1.05532,1.20497
282,fb1,1.75976,1.42051
282,fb2,1.66871,0.652743
283,fb0,1.05469,1.20605
283,fb1,1.75989,1.42019
283,fb2,1.66798,0.651108
284,fb0,1.05407,1.20714
284,fb1,1.76003,1.41986
284,fb2,1.66725,0.649507
285,fb0,1.05348,1.20824
285,fb1,1.76017,1.41952
285,fb2,1.66654,0.647938
286,fb0,1.05291,1.20935
286,fb1,1.76032,1.41917
286,fb2,1.66585,0.6464
287,fb0,1.05235,1.21047
287,fb1,1.76048,1.4188
287,fb2,1.66516,0.644891
288,fb0,1.05182,1.2116
288,fb1,1.76063,1.41842
288,fb2,1.66449,0.64341
289,fb0,1.0513,1.21274
289,fb1,1.7608,1.41803
289,fb2,1.66384,0.641956
290,fb0,1.05081,1.21389
290,fb1,1.76096,1.41763
290,fb2,1.66319,0.640527
291,fb0,1.05034,1.21505
291,fb1,1.76114,1.41722
291,fb2,1.66255,0.639122
292,fb0,1.04988,1.21621
292,fb1,1.76131,1.4168
292,fb2,1.66193,0.63774
293,fb0,1.04945,1.21738
293,fb1,1.76149,1.41637
293,fb2,1.66131,0.636381
294,fb0,1.04904,1.21857
294,fb1,1.76168,1.41592
294,fb2,1.66071,0.635042
295,fb0,1.04865,1.21975
295,fb1,1.76187,1.41547
295,fb2,1.66011,0.633724
296,fb0,1.04828,1.22095
296,fb1,1.76206,1.41501
296,fb2,1.65953,0.632425
297,fb0,1.04794,1.22215
297,fb1,1.76226,1.41454
297,fb2,1.65895,0.631145
298,fb0,1.04761,1.22336
298,fb1,1.76246,1.41406
298,fb2,1.65838,0.629882
299,fb0,1.04731,1.22457
299,fb1,1.76267,1.41357
299,fb2,1.65781,0.628637
300,fb0,1.04703,1.22579
300,fb1,1.76287,1.41307
300,fb2,1.65726,0.627408
301,fb0,1.04677,1.22701
301,fb1,1.76309,1.41256
301,fb2,1.65671,0.626195
302,fb0,1.04653,1.22824
302,fb1,1.7633,1.41205
302,fb2,1.65617,0.624998
303,fb0,1.04631,1.22947
303,fb1,1.76351,1.41153
303,fb2,1.65563,0.623814
304,fb0,1.04612,1.2307
304,fb1,1.76373,1.411
304,fb2,1.6551,0.622645
305,fb0,1.04595,1.23194
305,fb1,1.76395,1.41046
305,fb2,1.65458,0.62149
306,fb0,1.0458,1.23318
306,fb1,1.76417,1.40992
306,fb2,1.65406,0.620347
307,fb0,1.04567,1.23442
307,fb1,1.7644,1.40937
307,fb2,1.65355,0.619218
308,fb0,1.04556,1.23567
308,fb1,1.76462,1.40881
308,fb2,1.65305,0.6181
309,fb0,1.04555,1.23579
309,fb1,1.76485,1.40825
309,fb2,1.65255,0.616994
310,fb0,1.04555,1.23579
310,fb1,1.76508,1.40768
310,fb2,1.65205,0.615899
311,fb0,1.04555,1.23579
311,fb1,1.76531,1.40711
311,fb2,1.65156,0.614816
312,fb0,1.04555,1.23579
312,fb1,1.76555,1.40653
312,fb2,1.65108,0.613743
313,fb0,1.04535,1.23607
313,fb1,1.76578,1.40595
313,fb2,1.6506,0.61268
314,fb0,1.04513,1.23637
314,fb1,1.76601,1.40536
314,fb2,1.65012,0.611627
315,fb0,1.04492,1.23666
315,fb1,1.76625,1.40476
315,fb2,1.64965,0.610584
316,fb0,1.0447,1.23694
316,fb1,1.76649,1.40416
316,fb2,1.64918,0.60955
317,fb0,1.0445,1.23721
317,fb1,1.76673,1.40355
317,fb2,1.64872,0.608525
318,fb0,1.04429,1.23748
318,fb1,1.76696,1.40294
318,fb2,1.64826,0.607509
319,fb0,1.0441,1.23774
319,fb1,1.7672,1.40232
319,fb2,1.6478,0.606501
320,fb0,1.0439,1.23799
320,fb1,1.76745,1.4017
320,fb2,1.64735,0.605501
321,fb0,1.04372,1.23823
321,fb1,1.76769,1.40107
321,fb2,1.6469,0.604509
322,fb0,1.04353,1.23846
322,fb1,1.76793,1.40044
322,fb2,1.64645,0.603524
323,fb0,1.04335,1.23869
323,fb1,1.76817,1.3998
323,fb2,1.64601,0.602547
324,fb0,1.04318,1.2389
324,fb1,1.76842,1.39916
324,fb2,1.64557,0.601578
325,fb0,1.04301,1.23912
325,fb1,1.76866,1.39851
325,fb2,1.64514,0.600615
326,fb0,1.04284,1.23932
326,fb1,1.7689,1.39786
326,fb2,1.64471,0.599659
327,fb0,1.04269,1.23952
327,fb1,1.76915,1.3972
327,fb2,1.64428,0.598709
328,fb0,1.04253,1.23971
328,fb1,1.76939,1.39654
328,fb2,1.64385,0.597766
329,fb0,1.04238,1.23989
329,fb1,1.76963,1.39588
329,fb2,1.64343,0.596828
330,fb0,1.04223,1.24007
330,fb1,1.76988,1.39521
330,fb2,1.643,0.595897
331,fb0,1.04209,1.24024
331,fb1,1.77012,1.39453
331,fb2,1.64259,0.594972
332,fb0,1.04196,1.24041
332,fb1,1.77036,1.39385
332,fb2,1.64217,0.594052
333,fb0,1.04182,1.24057
333,fb1,1.77061,1.39317
333,fb2,1.64176,0.593137
334,fb0,1.04169,1.24072
334,fb1,1.77085,1.39249
334,fb2,1.64135,0.592228
335,fb0,1.04157,1.24087
335,fb1,1.77109,1.3918
335,fb2,1.64094,0.591323
336,fb0,1.04145,1.24101
336,fb1,1.77133,1.3911
336,fb2,1.64053,0.590424
337,fb0,1.04134,1.24114
337,fb1,1.77157,1.3904
337,fb2,1.64012,0.589529
338,fb0,1.04123,1.24127
338,fb1,1.77181,1.3897
338,fb2,1.63972,0.58864
339,fb0,1.04112,1.2414
339,fb1,1.77205,1.389
339,fb2,1.63932,0.587754
340,fb0,1.04102,1.24152
340,fb1,1.77229,1.38829
340,fb2,1.63892,0.586873
341,fb0,1.04092,1.24163
341,fb1,1.77253,1.38757
341,fb2,1.63853,0.585996
342,fb0,1.04082,1.24175
342,fb1,1.77276,1.38686
342,fb2,1.63813,0.585123
343,fb0,1.04073,1.24185
343,fb1,1.773,1.38614
343,fb2,1.63774,0.584255
344,fb0,1.04064,1.24195
344,fb1,1.77323,1.38541
344,fb2,1.63735,0.58339
345,fb0,1.04056,1.24205
345,fb1,1.77347,1.38469
345,fb2,1.63696,0.582529
346,fb0,1.04048,1.24214
346,fb1,1.7737,1.38396
346,fb2,1.63657,0.581671
347,fb0,1.0404,1.24223
347,fb1,1.77393,1.38323
347,fb2,1.63618,0.580817
348,fb0,1.04033,1.24231
348,fb1,1.77416,1.38249
348,fb2,1.6358,0.579966
349,fb0,1.04026,1.24239
349,fb1,1.77439,1.38175
349,fb2,1.63542,0.579119
350,fb0,1.0402,1.24247
350,fb1,1.77462,1.38101
350,fb2,1.63503,0.578275
351,fb0,1.04013,1.24254
351,fb1,1.77484,1.38026
351,fb2,1.63465,0.577434
352,fb0,1.04007,1.24261
352,fb1,1.77506,1.37952
352,fb2,1.63428,0.576596
353,fb0,1.04002,1.24267
353,fb1,1.77529,1.37877
353,fb2,1.6339,0.575761
354,fb0,1.03996,1.24273
354,fb1,1.77551,1.37801
354,fb2,1.63352,0.574929
355,fb0,1.03991,1.24279
355,fb1,1.77573,1.37726
355,fb2,1.63315,0.574099
356,fb0,1.03986,1.24284
356,fb1,1.77594,1.3765
356,fb2,1.63277,0.573273
357,fb0,1.03982,1.24289
357,fb1,1.77616,1.37574
357,fb2,1.6324,0.572449
358,fb0,1.03978,1.24294
358,fb1,1.77637,1.37497
358,fb2,1.63203,0.571627
359,fb0,1.03974,1.24299
359,fb1,1.77659,1.37421
359,fb2,1.63166,0.570808
360,fb0,1.0397,1.24303
360,fb1,1.7768,1.37344
360,fb2,1.63129,0.569991
361,fb0,1.03966,1.24307
361,fb1,1.77701,1.37267
361,fb2,1.63092,0.569176
362,fb0,1.03963,1.2431
362,fb1,1.77721,1.37189
362,fb2,1.63055,0.568364
363,fb0,1.0396,1.24314
363,fb1,1.77742,1.37112
363,fb2,1.63019,0.567554
364,fb0,1.03957,1.24317
364,fb1,1.77762,1.37034
364,fb2,1.62982,0.566746
365,fb0,1.03955,1.2432
365,fb1,1.77782,1.36956
365,fb2,1.62946,0.565939
366,fb0,1.03952,1.24322
366,fb1,1.77802,1.36878
366,fb2,1.62909,0.565135
367,fb0,1.0395,1.24325
367,fb1,1.77822,1.368
367,fb2,1.62873,0.564333
368,fb0,1.03948,1.24327
368,fb1,1.77841,1.36721
368,fb2,1.62837,0.563533
369,fb0,1.03946,1.24329
369,fb1,1.77861,1.36642
369,fb2,1.62801,0.562734
370,fb0,1.03945,1.24331
370,fb1,1.7788,1.36563
370,fb2,1.62765,0.561937
371,fb0,1.03943,1.24333
371,fb1,1.77898,1.36484
371,fb2,1.62729,0.561142
372,fb0,1.03942,1.24334
372,fb1,1.77917,1.36405
372,fb2,1.62693,0.560348
373,fb0,1.03941,1.24335
373,fb1,1.77936,1.36325
373,fb2,1.62657,0.559556
374,fb0,1.0394,1.24336
374,fb1,1.77954,1.36246
374,fb2,1.62621,0.558765
375,fb0,1.03939,1.24337
375,fb1,1.77972,1.36166
375,fb2,1.62585,0.557976
376,fb0,1.03938,1.24338
376,fb1,1.7799,1.36086
376,fb2,1.6255,0.557189
377,fb0,1.03938,1.24339
377,fb1,1.78007,1.36006
377,fb2,1.62514,0.556402
378,fb0,1.03937,1.24339
378,fb1,1.78025,1.35926
378,fb2,1.62479,0.555617
379,fb0,1.03937,1.24339
379,fb1,1.78042,1.35845
379,fb2,1.62443,0.554833
380,fb0,1.03937,1.2434
380,fb1,1.78059,1.35765
380,fb2,1.62408,0.554051
381,fb0,1.03937,1.2434
381,fb1,1.78075,1.35684
381,fb2,1.62373,0.55327
382,fb0,1.03937,1.2434
382,fb1,1.78092,1.35603
382,fb2,1.62337,0.552489
383,fb0,1.03937,1.2434
383,fb1,1.78108,1.35522
383,fb2,1.62302,0.55171
384,fb0,1.03937,1.2434
384,fb1,1.78124,1.35441
384,fb2,1.62267,0.550932
385,fb0,1.03937,1.2434
385,fb1,1.7814,1.3536
385,fb2,1.62232,0.550155
386,fb0,1.03937,1.2434
386,fb1,1.78156,1.35279
386,fb2,1.62197,0.54938
387,fb0,1.03937,1.2434
387,fb1,1.78171,1.35197
387,fb2,1.62162,0.548605
388,fb0,1.03937,1.2434
388,fb1,1.78186,1.35116
388,fb2,1.62127,0.547831
389,fb0,1.03937,1.24341
389,fb1,1.78201,1.35034
389,fb2,1.62092,0.547058
390,fb0,1.03937,1.24342
390,fb1,1.78216,1.34953
390,fb2,1.62057,0.546285
391,fb0,1.03938,1.24343
391,fb1,1.7823,1.34871
391,fb2,1.62022,0.545514
392,fb0,1.03938,1.24344
392,fb1,1.78244,1.34789
392,fb2,1.61987,0.544743
393,fb0,1.03938,1.24345
393,fb1,1.78258,1.34707
393,fb2,1.61952,0.543974
394,fb0,1.03939,1.24346
394,fb1,1.78272,1.34625
394,fb2,1.61917,0.543205
395,fb0,1.03939,1.24348
395,fb1,1.78286,1.34543
395,fb2,1.61883,0.542436
396,fb0,1.03939,1.24349
396,fb1,1.78299,1.34461
396,fb2,1.61848,0.541669
397,fb0,1.0394,1.24351
397,fb1,1.78312,1.34378
397,fb2,1.61813,0.540902
398,fb0,1.0394,1.24352
398,fb1,1.78325,1.34296
398,fb2,1.61779,0.540136
399,fb0,1.03941,1.24354
399,fb1,1.78338,1.34213
399,fb2,1.61744,0.53937
400,fb0,1.03941,1.24356
400,fb1,1.7835,1.34131
400,fb2,1.61709,0.538605
401,fb0,1.03942,1.24357
401,fb1,1.78362,1.34048
401,fb2,1.61675,0.537841
402,fb0,1.03942,1.24359
402,fb1,1.78374,1.33966
402,fb2,1.6164,0.537077
403,fb0,1.03943,1.24361
403,fb1,1.78386,1.33883
403,fb2,1.61606,0.536314
404,fb0,1.03943,1.24362
404,fb1,1.78398,1.338
404,fb2,1.61571,0.535551
405,fb0,1.03944,1.24364
405,fb1,1.78409,1.33717
405,fb2,1.61537,0.534789
406,fb0,1.03944,1.24366
406,fb1,1.7842,1.33634
406,fb2,1.61502,0.534027
407,fb0,1.03944,1.24367
407,fb1,1.78431,1.33552
407,fb2,1.61468,0.533266
408,fb0,1.03945,1.24369
408,fb1,1.78442,1.33469
408,fb2,1.61433,0.532505
409,fb0,1.03945,1.24371
409,fb1,1.78452,1.33386
409,fb2,1.61399,0.531745
410,fb0,1.03946,1.24373
410,fb1,1.78462,1.33302
410,fb2,1.61365,0.530985
411,fb0,1.03946,1.24374
411,fb1,1.78472,1.33219
411,fb2,1.6133,0.530225
412,fb0,1.03947,1.24376
412,fb1,1.78482,1.33136
412,fb2,1.61296,0.529466
413,fb0,1.03947,1.24378
413,fb1,1.78492,1.33053
413,fb2,1.61262,0.528707
414,fb0,1.03948,1.24379
414,fb1,1.78501,1.3297
414,fb2,1.61227,0.527948
415,fb0,1.03948,1.24381
415,fb1,1.7851,1.32887
415,fb2,1.61193,0.52719
416,fb0,1.03949,1.24382
416,fb1,1.78519,1.32803
416,fb2,1.61159,0.526432
417,fb0,1.03949,1.24384
417,fb1,1.78528,1.3272
417,fb2,1.61125,0.525675
418,fb0,1.0395,1.24386
418,fb1,1.78537,1.32637
418,fb2,1.6109,0.524918
419,fb0,1.0395,1.24387
419,fb1,1.78545,1.32553
419,fb2,1.61056,0.524161
420,fb0,1.0395,1.24388
420,fb1,1.78553,1.3247
420,fb2,1.61022,0.523404
421,fb0,1.03951,1.2439
421,fb1,1.78561,1.32387
421,fb2,1.60988,0.522648
422,fb0,1.03951,1.24391
422,fb1,1.78569,1.32303
422,fb2,1.60953,0.521892
423,fb0,1.03951,1.24392
423,fb1,1.78576,1.3222
423,fb2,1.60919,0.521136
424,fb0,1.03952,1.24393
424,fb1,1.78584,1.32136
424,fb2,1.60885,0.52038
425,fb0,1.03952,1.24395
425,fb1,1.78591,1.32053
425,fb2,1.60851,0.519625
426,fb0,1.03952,1.24396
426,fb1,1.78598,1.31969
426,fb2,1.60817,0.518869
427,fb0,1.03953,1.24397
427,fb1,1.78605,1.31886
427,fb2,1.60783,0.518114
428,fb0,1.03953,1.24398
428,fb1,1.78611,1.31802
428,fb2,1.60748,0.517359
429,fb0,1.03953,1.24398
429,fb1,1.78618,1.31719
429,fb2,1.60714,0.516605
430,fb0,1.03953,1.24399
430,fb1,1.78624,1.31635
430,fb2,1.6068,0.51585
431,fb0,1.03954,1.244
431,fb1,1.7863,1.31552
431,fb2,1.60646,0.515096
432,fb0,1.03954,1.244
432,fb1,1.78635,1.31468
432,fb2,1.60612,0.514342
433,fb0,1.03954,1.24401
433,fb1,1.78641,1.31385
433,fb2,1.60578,0.513588
434,fb0,1.03954,1.24401
434,fb1,1.78646,1.31301
434,fb2,1.60544,0.512834
435,fb0,1.03954,1.24402
435,fb1,1.78652,1.31217
435,fb2,1.6051,0.51208
436,fb0,1.03954,1.24402
436,fb1,1.78657,1.31134
436,fb2,1.60476,0.511327
437,fb0,1.03954,1.24402
437,fb1,1.78662,1.3105
437,fb2,1.60442,0.510573
438,fb0,1.03954,1.24402
438,fb1,1.78666,1.30967
438,fb2,1.60407,0.50982
439,fb0,1.03954,1.24402
439,fb1,1.78671,1.30883
439,fb2,1.60373,0.509066
440,fb0,1.03954,1.24402
440,fb1,1.78675,1.308
440,fb2,1.60339,0.508313
441,fb0,1.03954,1.24402
441,fb1,1.78679,1.30716
441,fb2,1.60305,0.50756
442,fb0,1.03954,1.24402
442,fb1,1.78683,1.30633
442,fb2,1.60271,0.506807
443,fb0,1.03954,1.24402
443,fb1,1.78687,1.30549
443,fb2,1.60237,0.506054
444,fb0,1.03954,1.24402
444,fb1,1.78691,1.30465
444,fb2,1.60203,0.505302
445,fb0,1.03954,1.24403
445,fb1,1.78694,1.30382
445,fb2,1.60169,0.504549
446,fb0,1.03954,1.24403
446,fb1,1.78697,1.30298
446,fb2,1.60135,0.503796
447,fb0,1.03953,1.24404
447,fb1,1.78701,1.30215
447,fb2,1.60101,0.503044
448,fb0,1.03953,1.24405
448,fb1,1.78704,1.30131
448,fb2,1.60067,0.502291
449,fb0,1.03952,1.24406
449,fb1,1.78706,1.30048
449,fb2,1.60033,0.501539
450,fb0,1.03951,1.24407
450,fb1,1.78709,1.29964
450,fb2,1.59999,0.500786
451,fb0,1.03951,1.24408
451,fb1,1.78711,1.29881
451,fb2,1.59965,0.500033
452,fb0,1.0395,1.24409
452,fb1,1.78714,1.29797
452,fb2,1.59931,0.499279
453,fb0,1.03949,1.2441
453,fb1,1.78716,1.29714
453,fb2,1.59898,0.498525
454,fb0,1.03948,1.24412
454,fb1,1.78718,1.2963
454,fb2,1.59864,0.497772
455,fb0,1.03947,1.24413
455,fb1,1.7872,1.29547
455,fb2,1.59831,0.497017
456,fb0,1.03946,1.24415
456,fb1,1.78721,1.29463
456,fb2,1.59797,0.496263
457,fb0,1.03945,1.24416
457,fb1,1.78723,1.2938
457,fb2,1.59764,0.495508
458,fb0,1.03944,1.24418
458,fb1,1.78724,1.29297
458,fb2,1.59731,0.494752
459,fb0,1.03943,1.2442
459,fb1,1.78725,1.29213
459,fb2,1.59697,0.493996
460,fb0,1.03942,1.24422
460,fb1,1.78727,1.2913
460,fb2,1.59664,0.493241
461,fb0,1.0394,1.24424
461,fb1,1.78727,1.29046
461,fb2,1.59631,0.492485
462,fb0,1.03939,1.24426
462,fb1,1.78728,1.28963
462,fb2,1.59598,0.491728
463,fb0,1.03937,1.24428
463,fb1,1.78729,1.2888
463,fb2,1.59566,0.490971
464,fb0,1.03936,1.2443
464,fb1,1.78729,1.28796
464,fb2,1.59533,0.490214
465,fb0,1.03934,1.24432
465,fb1,1.7873,1.28713
465,fb2,1.595,0.489456
466,fb0,1.03933,1.24435
466,fb1,1.7873,1.2863
466,fb2,1.59467,0.488699
467,fb0,1.03931,1.24437
467,fb1,1.7873,1.28546
467,fb2,1.59435,0.487941
468,fb0,1.03929,1.2444
468,fb1,1.7873,1.28463
468,fb2,1.59403,0.487182
469,fb0,1.03928,1.24443
469,fb1,1.7873,1.2838
469,fb2,1.5937,0.486424
470,fb0,1.03926,1.24446
470,fb1,1.78729,1.28296
470,fb2,1.59338,0.485665
471,fb0,1.03924,1.24448
471,fb1,1.78729,1.28213
471,fb2,1.59306,0.484906
472,fb0,1.03922,1.24451
472,fb1,1.78728,1.2813
472,fb2,1.59273,0.484147
473,fb0,1.0392,1.24454
473,fb1,1.78727,1.28046
473,fb2,1.59241,0.483387
474,fb0,1.03918,1.24458
474,fb1,1.78727,1.27963
474,fb2,1.59209,0.482627
475,fb0,1.03915,1.24461
475,fb1,1.78726,1.2788
475,fb2,1.59177,0.481867
476,fb0,1.03913,1.24464
476,fb1,1.78724,1.27797
476,fb2,1.59146,0.481106
477,fb0,1.03911,1.24468
477,fb1,1.78723,1.27714
477,fb2,1.59114,0.480345
478,fb0,1.03909,1.24471
478,fb1,1.78722,1.2763
478,fb2,1.59082,0.479584
479,fb0,1.03906,1.24475
479,fb1,1.7872,1.27547
479,fb2,1.59051,0.478823
480,fb0,1.03904,1.24478
480,fb1,1.78719,1.27464
480,fb2,1.59019,0.478061
481,fb0,1.03901,1.24482
481,fb1,1.78717,1.27381
481,fb2,1.58988,0.4773
482,fb0,1.03899,1.24486
482,fb1,1.78715,1.27298
482,fb2,1.58956,0.476537
483,fb0,1.03896,1.2449
483,fb1,1.78713,1.27214
483,fb2,1.58925,0.475775
484,fb0,1.03893,1.24494
484,fb1,1.78711,1.27131
484,fb2,1.58894,0.475012
485,fb0,1.03891,1.24498
485,fb1,1.78708,1.27048
485,fb2,1.58862,0.47425
486,fb0,1.03888,1.24502
486,fb1,1.78706,1.26965
486,fb2,1.58831,0.473486
487,fb0,1.03885,1.24506
487,fb1,1.78704,1.26882
487,fb2,1.588,0.472723
488,fb0,1.03882,1.2451
488,fb1,1.78701,1.26799
488,fb2,1.58769,0.471959
489,fb0,1.03879,1.24515
489,fb1,1.78698,1.26716
489,fb2,1.58738,0.471195
490,fb0,1.03876,1.24519
490,fb1,1.78695,1.26633
490,fb2,1.58707,0.470431
491,fb0,1.03873,1.24524
491,fb1,1.78692,1.2655
491,fb2,1.58677,0.469667
492,fb0,1.0387,1.24528
492,fb1,1.78689,1.26466
492,fb2,1.58646,0.468902
493,fb0,1.03867,1.24533
493,fb1,1.78686,1.26383
493,fb2,1.58615,0.468138
494,fb0,1.03864,1.24537
494,fb1,1.78683,1.263
494,fb2,1.58585,0.467373
495,fb0,1.03861,1.24542
495,fb1,1.7868,1.26217
495,fb2,1.58554,0.466607
496,fb0,1.03857,1.24547
496,fb1,1.78676,1.26134
496,fb2,1.58524,0.465842
497,fb0,1.03854,1.24552
497,fb1,1.78673,1.26051
497,fb2,1.58493,0.465076
498,fb0,1.03851,1.24557
498,fb1,1.7867,1.25968
498,fb2,1.58463,0.46431
499,fb0,1.03847,1.24562
499,fb1,1.78666,1.25885
499,fb2,1.58433,0.463543
500,fb0,1.03844,1.24567
500,fb1,1.78663,1.25802
500,fb2,1.58403,0.462777
501,fb0,1.0384,1.24572
501,fb1,1.7866,1.25719
501,fb2,1.58373,0.46201
502,fb0,1.03837,1.24577
502,fb1,1.78656,1.25636
502,fb2,1.58342,0.461243
503,fb0,1.03833,1.24582
503,fb1,1.78653,1.25553
503,fb2,1.58312,0.460476
504,fb0,1.0383,1.24587
504,fb1,1.7865,1.2547
504,fb2,1.58283,0.459708
505,fb0,1.03826,1.24592
505,fb1,1.78646,1.25387
505,fb2,1.58253,0.458941
506,fb0,1.03823,1.24597
506,fb1,1.78643,1.25304
506,fb2,1.58223,0.458173
507,fb0,1.03819,1.24603
507,fb1,1.7864,1.25221
507,fb2,1.58193,0.457405
508,fb0,1.03815,1.24608
508,fb1,1.78636,1.25138
508,fb2,1.58164,0.456636
509,fb0,1.03812,1.24613
509,fb1,1.78633,1.25055
509,fb2,1.58134,0.455868
510,fb0,1.03808,1.24618
510,fb1,1.78629,1.24972
510,fb2,1.58105,0.455099
511,fb0,1.03805,1.24624
511,fb1,1.78626,1.24889
511,fb2,1.58075,0.45433
512,fb0,1.03801,1.24629
512,fb1,1.78623,1.24806
512,fb2,1.58046,0.453561
513,fb0,1.03797,1.24634
513,fb1,1.78619,1.24723
513,fb2,1.58016,0.452792
514,fb0,1.03794,1.24639
514,fb1,1.78616,1.2464
514,fb2,1.57987,0.452022
515,fb0,1.0379,1.24645
515,fb1,1.78612,1.24556
515,fb2,1.57958,0.451252
516,fb0,1.03786,1.2465
516,fb1,1.78608,1.24473
516,fb2,1.57929,0.450482
517,fb0,1.03783,1.24655
517,fb1,1.78605,1.2439
517,fb2,1.579,0.449712
518,fb0,1.03779,1.2466
518,fb1,1.78601,1.24307
518,fb2,1.57871,0.448942
519,fb0,1.03775,1.24666
519,fb1,1.78598,1.24224
519,fb2,1.57842,0.448171
520,fb0,1.03772,1.24671
520,fb1,1.78594,1.24141
520,fb2,1.57813,0.4474
521,fb0,1.03768,1.24676
521,fb1,1.7859,1.24058
521,fb2,1.57784,0.446629
522,fb0,1.03764,1.24681
522,fb1,1.78586,1.23975
522,fb2,1.57756,0.445858
523,fb0,1.03761,1.24686
523,fb1,1.78583,1.23892
523,fb2,1.57727,0.445087
524,fb0,1.03757,1.24691
524,fb1,1.78579,1.23808
524,fb2,1.57698,0.444315
525,fb0,1.03754,1.24696
525,fb1,1.78575,1.23725
525,fb2,1.5767,0.443543
526,fb0,1.0375,1.24701
526,fb1,1.78571,1.23642
526,fb2,1.57641,0.442771
527,fb0,1.03746,1.24707
527,fb1,1.78567,1.23559
527,fb2,1.57613,0.441999
528,fb0,1.03743,1.24712
528,fb1,1.78563,1.23476
528,fb2,1.57584,0.441227
529,fb0,1.03739,1.24716
529,fb1,1.78559,1.23393
529,fb2,1.57556,0.440454
530,fb0,1.03736,1.24721
530,fb1,1.78555,1.2331
530,fb2,1.57528,0.439681
531,fb0,1.03732,1.24726
531,fb1,1.78551,1.23226
531,fb2,1.575,0.438909
532,fb0,1.03729,1.24731
532,fb1,1.78547,1.23143
532,fb2,1.57472,0.438135
533,fb0,1.03726,1.24736
533,fb1,1.78543,1.2306
533,fb2,1.57443,0.437362
534,fb0,1.03722,1.24741
534,fb1,1.78538,1.22977
534,fb2,1.57415,0.436589
535,fb0,1.03719,1.24746
535,fb1,1.78534,1.22893
535,fb2,1.57388,0.435815
536,fb0,1.03715,1.2475
536,fb1,1.7853,1.2281
536,fb2,1.5736,0.435041
537,fb0,1.03712,1.24755
537,fb1,1.78525,1.22727
537,fb2,1.57332,0.434267
538,fb0,1.03709,1.2476
538,fb1,1.78521,1.22644
538,fb2,1.57304,0.433493
539,fb0,1.03705,1.24764
539,fb1,1.78516,1.2256
539,fb2,1.57276,0.432718
540,fb0,1.03702,1.24769
540,fb1,1.78512,1.22477
540,fb2,1.57249,0.431944
541,fb0,1.03699,1.24773
541,fb1,1.78507,1.22394
541,fb2,1.57221,0.431169
542,fb0,1.03696,1.24778
542,fb1,1.78503,1.22311
542,fb2,1.57193,0.430393
543,fb0,1.03692,1.24782
543,fb1,1.78498,1.22227
543,fb2,1.57166,0.429618
544,fb0,1.03689,1.24787
544,fb1,1.78493,1.22144
544,fb2,1.57139,0.428843
545,fb0,1.03686,1.24791
545,fb1,1.78488,1.22061
545,fb2,1.57111,0.428067
546,fb0,1.03683,1.24795
546,fb1,1.78484,1.21977
546,fb2,1.57084,0.427291
547,fb0,1.0368,1.248
547,fb1,1.78479,1.21894
547,fb2,1.57056,0.426515
548,fb0,1.03677,1.24804
548,fb1,1.78474,1.21811
548,fb2,1.57029,0.425739
549,fb0,1.03674,1.24808
549,fb1,1.78469,1.21728
549,fb2,1.57002,0.424962
550,fb0,1.03671,1.24812
550,fb1,1.78464,1.21644
550,fb2,1.56975,0.424186
551,fb0,1.03668,1.24816
551,fb1,1.78459,1.21561
551,fb2,1.56948,0.423409
552,fb0,1.03665,1.2482
552,fb1,1.78453,1.21477
552,fb2,1.56921,0.422632
553,fb0,1.03662,1.24824
553,fb1,1.78448,1.21394
553,fb2,1.56894,0.421855
554,fb0,1.03659,1.24828
554,fb1,1.78443,1.21311
554,fb2,1.56867,0.421077
555,fb0,1.03656,1.24832
555,fb1,1.78438,1.21227
555,fb2,1.5684,0.4203
556,fb0,1.03654,1.24836
556,fb1,1.78432,1.21144
556,fb2,1.56813,0.419522
557,fb0,1.03651,1.2484
557,fb1,1.78427,1.21061
557,fb2,1.56787,0.418744
558,fb0,1.03648,1.24843
558,fb1,1.78422,1.20977
558,fb2,1.5676,0.417965
559,fb0,1.03646,1.24847
559,fb1,1.78416,1.20894
559,fb2,1.56733,0.417187
560,fb0,1.03643,1.24851
560,fb1,1.78411,1.2081
560,fb2,1.56707,0.416408
561,fb0,1.0364,1.24854
561,fb1,1.78405,1.20727
561,fb2,1.5668,0.415629
562,fb0,1.03638,1.24858
562,fb1,1.78399,1.20644
562,fb2,1.56654,0.41485
563,fb0,1.03635,1.24861
563,fb1,1.78394,1.2056
563,fb2,1.56627,0.414071
564,fb0,1.03633,1.24865
564,fb1,1.78388,1.20477
564,fb2,1.56601,0.413292
565,fb0,1.0363,1.24868
565,fb1,1.78382,1.20393
565,fb2,1.56574,0.412512
566,fb0,1.03628,1.24871
566,fb1,1.78376,1.2031
566,fb2,1.56548,0.411733
567,fb0,1.03625,1.24875
567,fb1,1.7837,1.20227
567,fb2,1.56522,0.410953
568,fb0,1.03623,1.24878
568,fb1,1.78364,1.20143
568,fb2,1.56495,0.410173
569,fb0,1.03621,1.24881
569,fb1,1.78358,1.2006
569,fb2,1.56469,0.409392
570,fb0,1.03618,1.24884
570,fb1,1.78352,1.19976
570,fb2,1.56443,0.408612
571,fb0,1.03616,1.24887
571,fb1,1.78346,1.19893
571,fb2,1.56417,0.407831
572,fb0,1.03614,1.2489
572,fb1,1.7834,1.19809
572,fb2,1.56391,0.40705
573,fb0,1.03612,1.24893
573,fb1,1.78333,1.19726
573,fb2,1.56365,0.406269
574,fb0,1.0361,1.24896
574,fb1,1.78327,1.19642
574,fb2,1.56339,0.405487
575,fb0,1.03608,1.24899
575,fb1,1.78321,1.19559
575,fb2,1.56313,0.404706
576,fb0,1.03606,1.24902
576,fb1,1.78314,1.19475
576,fb2,1.56287,0.403924
577,fb0,1.03604,1.24904
577,fb1,1.78308,1.19392
577,fb2,1.56262,0.403142
578,fb0,1.03602,1.24907
578,fb1,1.78301,1.19308
578,fb2,1.56236,0.40236
579,fb0,1.036,1.2491
579,fb1,1.78295,1.19225
579,fb2,1.5621,0.401577
580,fb0,1.03598,1.24912
580,fb1,1.78288,1.19141
580,fb2,1.56184,0.400795
581,fb0,1.03596,1.24915
581,fb1,1.78281,1.19058
581,fb2,1.56159,0.400012
582,fb0,1.03594,1.24917
582,fb1,1.78275,1.18974
582,fb2,1.56133,0.399229
583,fb0,1.03592,1.24919
583,fb1,1.78268,1.18891
583,fb2,1.56108,0.398446
584,fb0,1.03591,1.24922
584,fb1,1.78261,1.18807
584,fb2,1.56082,0.397663
585,fb0,1.03589,1.24924
585,fb1,1.78254,1.18724
585,fb2,1.56057,0.396879
586,fb0,1.03587,1.24926
586,fb1,1.78247,1.1864
586,fb2,1.56031,0.396095
587,fb0,1.03586,1.24928
587,fb1,1.7824,1.18557
587,fb2,1.56006,0.395312
588,fb0,1.03584,1.24931
588,fb1,1.78233,1.18473
588,fb2,1.55981,0.394528
589,fb0,1.03582,1.24933
589,fb1,1.78226,1.1839
589,fb2,1.55955,0.393743
590,fb0,1.03581,1.24935
590,fb1,1.78219,1.18306
590,fb2,1.5593,0.392959
591,fb0,1.0358,1.24937
591,fb1,1.78212,1.18223
591,fb2,1.55905,0.392174
592,fb0,1.03578,1.24939
592,fb1,1.78204,1.18139
592,fb2,1.5588,0.391389
593,fb0,1.03577,1.2494
593,fb1,1.78197,1.18056
593,fb2,1.55855,0.390604
594,fb0,1.03575,1.24942
594,fb1,1.7819,1.17972
594,fb2,1.5583,0.389819
595,fb0,1.03574,1.24944
595,fb1,1.78182,1.17889
595,fb2,1.55805,0.389033
596,fb0,1.03573,1.24946
596,fb1,1.78175,1.17805
596,fb2,1.5578,0.388248
597,fb0,1.03572,1.24947
597,fb1,1.78167,1.17721
597,fb2,1.55755,0.387462
598,fb0,1.0357,1.24949
598,fb1,1.7816,1.17638
598,fb2,1.5573,0.386676
599,fb0,1.03569,1.2495
599,fb1,1.78152,1.17554
599,fb2,1.55705,0.38589
600,fb0,1.03568,1.24952
600,fb1,1.78144,1.17471
600,fb2,1.5568,0.385103
