1,fb0,1.85831,1.76204
1,fb1,1.04371,1.52089
1,fb2,1.40027,1.89208
2,fb0,1.86702,1.76384
2,fb1,1.03516,1.51846
2,fb2,1.40027,1.89208
3,fb0,1.87691,1.76533
3,fb1,1.02566,1.51534
3,fb2,1.40027,1.89208
4,fb0,1.88686,1.76621
4,fb1,1.01631,1.51179
4,fb2,1.40027,1.89208
5,fb0,1.89686,1.76653
5,fb1,1.00712,1.50785
5,fb2,1.40027,1.89208
6,fb0,1.90686,1.76635
6,fb1,0.998086,1.50356
6,fb2,1.40027,1.89208
7,fb0,1.91683,1.7657
7,fb1,0.989205,1.49896
7,fb2,1.40027,1.89208
8,fb0,1.92678,1.76465
8,fb1,0.980471,1.49409
8,fb2,1.39181,1.88935
9,fb0,1.93667,1.76321
9,fb1,0.971911,1.48899
9,fb2,1.38203,1.88727
10,fb0,1.94651,1.76144
10,fb1,0.963619,1.48376
10,fb2,1.37208,1.88631
11,fb0,1.95466,1.75972
11,fb1,0.955653,1.47846
11,fb2,1.3627,1.88652
12,fb0,1.96105,1.75817
12,fb1,0.948114,1.4732
12,fb2,1.35408,1.88777
13,fb0,1.96622,1.75676
13,fb1,0.941083,1.46807
13,fb2,1.34615,1.88989
14,fb0,1.97056,1.75545
14,fb1,0.9346,1.46316
14,fb2,1.33892,1.89271
15,fb0,1.97434,1.7542
15,fb1,0.928672,1.45851
15,fb2,1.33242,1.89607
16,fb0,1.97774,1.75297
16,fb1,0.923288,1.45415
16,fb2,1.32664,1.89977
17,fb0,1.98088,1.75173
17,fb1,0.918422,1.45009
17,fb2,1.32155,1.90368
18,fb0,1.98383,1.75046
18,fb1,0.914038,1.44632
18,fb2,1.31711,1.90768
19,fb0,1.98667,1.74914
19,fb1,0.910096,1.44285
19,fb2,1.31325,1.91166
20,fb0,1.98942,1.74775
20,fb1,0.906552,1.43966
20,fb2,1.3099,1.91557
21,fb0,1.9921,1.74628
21,fb1,0.903365,1.43672
21,fb2,1.307,1.91937
22,fb0,1.99471,1.74472
22,fb1,0.900496,1.43402
22,fb2,1.30448,1.92303
23,fb0,1.99728,1.74308
23,fb1,0.897909,1.43153
23,fb2,1.30228,1.92653
24,fb0,1.99979,1.74134
24,fb1,0.895573,1.42925
24,fb2,1.30037,1.92988
25,fb0,2.00225,1.7395
25,fb1,0.893458,1.42714
25,fb2,1.2987,1.93308
26,fb0,2.00465,1.73756
26,fb1,0.89154,1.4252
26,fb2,1.29724,1.93612
27,fb0,2.00699,1.73552
27,fb1,0.889796,1.4234
27,fb2,1.29595,1.93903
28,fb0,2.00926,1.73339
28,fb1,0.888209,1.42174
28,fb2,1.29482,1.94179
29,fb0,2.01147,1.73117
29,fb1,0.88676,1.4202
29,fb2,1.29383,1.94443
30,fb0,2.0136,1.72885
30,fb1,0.885435,1.41877
30,fb2,1.29295,1.94696
31,fb0,2.01566,1.72644
31,fb1,0.884221,1.41744
31,fb2,1.29218,1.94937
32,fb0,2.01763,1.72395
32,fb1,0.883107,1.4162
32,fb2,1.29149,1.95167
33,fb0,2.01953,1.72138
33,fb1,0.882082,1.41505
33,fb2,1.29089,1.95389
34,fb0,2.02133,1.71872
34,fb1,0.881138,1.41397
34,fb2,1.29036,1.95601
35,fb0,2.02305,1.716
35,fb1,0.880266,1.41296
35,fb2,1.28989,1.95805
36,fb0,2.02468,1.7132
36,fb1,0.879459,1.41201
36,fb2,1.28948,1.96002
37,fb0,2.02621,1.71034
37,fb1,0.878711,1.41112
37,fb2,1.28912,1.96191
38,fb0,2.02765,1.70742
38,fb1,0.878016,1.41028
38,fb2,1.28881,1.96374
39,fb0,2.02899,1.70445
39,fb1,0.877368,1.40949
39,fb2,1.28853,1.9655
40,fb0,2.03024,1.70142
40,fb1,0.876762,1.40874
40,fb2,1.2883,1.96721
41,fb0,2.03139,1.69835
41,fb1,0.876194,1.40802
41,fb2,1.2881,1.96887
42,fb0,2.03244,1.69524
42,fb1,0.87566,1.40734
42,fb2,1.28794,1.97047
43,fb0,2.0334,1.69209
43,fb1,0.875156,1.40669
43,fb2,1.2878,1.97203
44,fb0,2.03426,1.6889
44,fb1,0.874677,1.40606
44,fb2,1.2877,1.97354
45,fb0,2.03502,1.68569
45,fb1,0.874222,1.40546
45,fb2,1.28761,1.97501
46,fb0,2.03569,1.68245
46,fb1,0.873786,1.40487
46,fb2,1.28756,1.97644
47,fb0,2.03627,1.67919
47,fb1,0.873367,1.40429
47,fb2,1.28752,1.97784
48,fb0,2.03675,1.67591
48,fb1,0.872962,1.40373
48,fb2,1.28751,1.9792
49,fb0,2.03714,1.67261
49,fb1,0.872569,1.40317
49,fb2,1.28751,1.98052
50,fb0,2.03745,1.66931
50,fb1,0.872185,1.40262
50,fb2,1.28753,1.98181
51,fb0,2.03766,1.66599
51,fb1,0.871809,1.40207
51,fb2,1.28757,1.98308
52,fb0,2.03779,1.66267
52,fb1,0.871439,1.40152
52,fb2,1.28763,1.98431
53,fb0,2.03783,1.65934
53,fb1,0.871073,1.40096
53,fb2,1.2877,1.98551
54,fb0,2.03779,1.65602
54,fb1,0.871037,1.4009
54,fb2,1.28779,1.98669
55,fb0,2.03768,1.65269
55,fb1,0.871037,1.4009
55,fb2,1.28789,1.98786
56,fb0,2.03748,1.64937
56,fb1,0.871037,1.4009
56,fb2,1.28801,1.98901
57,fb0,2.03721,1.64605
57,fb1,0.871037,1.4009
57,fb2,1.28815,1.99015
58,fb0,2.03686,1.64275
58,fb1,0.871028,1.40028
58,fb2,1.28829,1.99127
59,fb0,2.03644,1.63944
59,fb1,0.871033,1.39957
59,fb2,1.28845,1.99238
60,fb0,2.03595,1.63615
60,fb1,0.871043,1.39885
60,fb2,1.28862,1.99347
61,fb0,2.03539,1.63287
61,fb1,0.87106,1.39811
61,fb2,1.28881,1.99453
62,fb0,2.03476,1.62961
62,fb1,0.871084,1.39736
62,fb2,1.289,1.99558
63,fb0,2.03407,1.62635
63,fb1,0.871115,1.39659
63,fb2,1.28921,1.99661
64,fb0,2.03332,1.62312
64,fb1,0.871154,1.39581
64,fb2,1.28943,1.99762
65,fb0,2.0325,1.61989
65,fb1,0.871202,1.395
65,fb2,1.28966,1.99862
66,fb0,2.03163,1.61669
66,fb1,0.871259,1.39418
66,fb2,1.2899,1.99961
67,fb0,2.0307,1.6135
67,fb1,0.871327,1.39334
67,fb2,1.29015,2.00058
68,fb0,2.02972,1.61033
68,fb1,0.871407,1.39248
68,fb2,1.29041,2.00154
69,fb0,2.02868,1.60718
69,fb1,0.871498,1.39159
69,fb2,1.29068,2.00249
70,fb0,2.02759,1.60405
70,fb1,0.871602,1.39069
70,fb2,1.29071,2.00258
71,fb0,2.02646,1.60094
71,fb1,0.87172,1.38978
71,fb2,1.29071,2.00258
72,fb0,2.02527,1.59785
72,fb1,0.87185,1.38885
72,fb2,1.29071,2.00258
73,fb0,2.02404,1.59478
73,fb1,0.871994,1.38792
73,fb2,1.29071,2.00258
74,fb0,2.02276,1.59172
74,fb1,0.872151,1.38698
74,fb2,1.29137,2.00316
75,fb0,2.02144,1.58869
75,fb1,0.872325,1.38602
75,fb2,1.29212,2.00378
76,fb0,2.02008,1.58568
76,fb1,0.872515,1.38504
76,fb2,1.29287,2.00439
77,fb0,2.01868,1.5827
77,fb1,0.872724,1.38404
77,fb2,1.29362,2.00499
78,fb0,2.01724,1.57973
78,fb1,0.872952,1.38302
78,fb2,1.29437,2.00558
79,fb0,2.01577,1.57678
79,fb1,0.873199,1.38198
79,fb2,1.29513,2.00616
80,fb0,2.01425,1.57386
80,fb1,0.873468,1.38093
80,fb2,1.29589,2.00673
81,fb0,2.01271,1.57096
81,fb1,0.873758,1.37985
81,fb2,1.29666,2.0073
82,fb0,2.01113,1.56808
82,fb1,0.874071,1.37876
82,fb2,1.29744,2.00785
83,fb0,2.00952,1.56522
83,fb1,0.874408,1.37765
83,fb2,1.29822,2.0084
84,fb0,2.00789,1.56238
84,fb1,0.874769,1.37653
84,fb2,1.29902,2.00894
85,fb0,2.00622,1.55956
85,fb1,0.875156,1.37539
85,fb2,1.29982,2.00947
86,fb0,2.00452,1.55676
86,fb1,0.875569,1.37424
86,fb2,1.30063,2.01
87,fb0,2.0028,1.55399
87,fb1,0.876009,1.37308
87,fb2,1.30145,2.01052
88,fb0,2.00105,1.55123
88,fb1,0.876477,1.3719
88,fb2,1.30228,2.01103
89,fb0,1.99928,1.54849
89,fb1,0.876973,1.37071
89,fb2,1.30313,2.01154
90,fb0,1.99748,1.54577
90,fb1,0.877499,1.36951
90,fb2,1.30398,2.01203
91,fb0,1.99567,1.54307
91,fb1,0.878055,1.3683
91,fb2,1.30485,2.01252
92,fb0,1.99382,1.54039
92,fb1,0.87864,1.36708
92,fb2,1.30573,2.013
93,fb0,1.99196,1.53773
93,fb1,0.879257,1.36586
93,fb2,1.30662,2.01348
94,fb0,1.99008,1.53508
94,fb1,0.879906,1.36463
94,fb2,1.30753,2.01394
95,fb0,1.98818,1.53245
95,fb1,0.880586,1.36339
95,fb2,1.30845,2.0144
96,fb0,1.98626,1.52984
96,fb1,0.881298,1.36215
96,fb2,1.30938,2.01484
97,fb0,1.98432,1.52725
97,fb1,0.882043,1.36091
97,fb2,1.31033,2.01528
98,fb0,1.98237,1.52467
98,fb1,0.882821,1.35967
98,fb2,1.31128,2.0157
99,fb0,1.98039,1.52211
99,fb1,0.883632,1.35842
99,fb2,1.31226,2.01612
100,fb0,1.97841,1.51957
100,fb1,0.884476,1.35718
100,fb2,1.31324,2.01652
101,fb0,1.9764,1.51704
101,fb1,0.885353,1.35594
101,fb2,1.31424,2.01692
102,fb0,1.97439,1.51453
102,fb1,0.886263,1.3547
102,fb2,1.31525,2.0173
103,fb0,1.97236,1.51203
103,fb1,0.887207,1.35346
103,fb2,1.31628,2.01766
104,fb0,1.97031,1.50954
104,fb1,0.888183,1.35224
104,fb2,1.31732,2.01802
105,fb0,1.96825,1.50707
105,fb1,0.889193,1.35101
105,fb2,1.31837,2.01836
106,fb0,1.96618,1.50462
106,fb1,0.890235,1.3498
106,fb2,1.31943,2.01869
107,fb0,1.9641,1.50217
107,fb1,0.89131,1.3486
107,fb2,1.32051,2.019
108,fb0,1.96201,1.49974
108,fb1,0.892417,1.3474
108,fb2,1.32159,2.0193
109,fb0,1.95991,1.49733
109,fb1,0.893555,1.34621
109,fb2,1.32269,2.01958
110,fb0,1.9578,1.49491
110,fb1,0.894725,1.34504
110,fb2,1.3238,2.01985
111,fb0,1.9557,1.4925
111,fb1,0.895926,1.34388
111,fb2,1.32491,2.0201
112,fb0,1.9536,1.49009
112,fb1,0.897158,1.34274
112,fb2,1.32604,2.02033
113,fb0,1.9515,1.48769
113,fb1,0.898419,1.3416
113,fb2,1.32718,2.02055
114,fb0,1.94941,1.48528
114,fb1,0.899709,1.34049
114,fb2,1.32832,2.02075
115,fb0,1.94731,1.48288
115,fb1,0.901028,1.33939
115,fb2,1.32947,2.02093
116,fb0,1.94522,1.48048
116,fb1,0.902375,1.33831
116,fb2,1.33064,2.0211
117,fb0,1.94313,1.47808
117,fb1,0.903749,1.33724
117,fb2,1.3318,2.02124
118,fb0,1.94104,1.47569
118,fb1,0.90515,1.3362
118,fb2,1.33298,2.02137
119,fb0,1.93895,1.47329
119,fb1,0.906576,1.33517
119,fb2,1.33416,2.02148
120,fb0,1.93687,1.4709
120,fb1,0.908028,1.33416
120,fb2,1.33534,2.02157
121,fb0,1.93479,1.46851
121,fb1,0.909503,1.33318
121,fb2,1.33653,2.02165
122,fb0,1.9327,1.46612
122,fb1,0.911001,1.33221
122,fb2,1.33773,2.0217
123,fb0,1.93062,1.46374
123,fb1,0.912522,1.33127
123,fb2,1.33893,2.02173
124,fb0,1.92855,1.46135
124,fb1,0.914065,1.33034
124,fb2,1.34013,2.02175
125,fb0,1.92647,1.45897
125,fb1,0.915628,1.32945
125,fb2,1.34133,2.02175
126,fb0,1.9244,1.45659
126,fb1,0.917211,1.32857
126,fb2,1.34253,2.02173
127,fb0,1.92232,1.45422
127,fb1,0.918812,1.32771
127,fb2,1.34374,2.02169
128,fb0,1.92026,1.45184
128,fb1,0.920432,1.32688
128,fb2,1.34495,2.02163
129,fb0,1.91819,1.44947
129,fb1,0.922068,1.32607
129,fb2,1.34615,2.02155
130,fb0,1.91612,1.4471
130,fb1,0.92372,1.32529
130,fb2,1.34736,2.02145
131,fb0,1.91406,1.44474
131,fb1,0.925388,1.32453
131,fb2,1.34856,2.02134
132,fb0,1.912,1.44238
132,fb1,0.927069,1.32379
132,fb2,1.34977,2.0212
133,fb0,1.90994,1.44002
133,fb1,0.928764,1.32308
133,fb2,1.35097,2.02105
134,fb0,1.90789,1.43766
134,fb1,0.93047,1.32239
134,fb2,1.35217,2.02088
135,fb0,1.90583,1.4353
135,fb1,0.932188,1.32173
135,fb2,1.35336,2.02069
136,fb0,1.90379,1.43295
136,fb1,0.933916,1.32109
136,fb2,1.35455,2.02049
137,fb0,1.90174,1.43061
137,fb1,0.935653,1.32047
137,fb2,1.35574,2.02026
138,fb0,1.89969,1.42826
138,fb1,0.937398,1.31987
138,fb2,1.35692,2.02002
139,fb0,1.89765,1.42592
139,fb1,0.93915,1.3193
139,fb2,1.35809,2.01977
140,fb0,1.89562,1.42358
140,fb1,0.940908,1.31876
140,fb2,1.35926,2.01949
141,fb0,1.89358,1.42125
141,fb1,0.942672,1.31823
141,fb2,1.36042,2.01921
142,fb0,1.89155,1.41892
142,fb1,0.94444,1.31773
142,fb2,1.36158,2.0189
143,fb0,1.88953,1.4166
143,fb1,0.946211,1.31726
143,fb2,1.36273,2.01858
144,fb0,1.8875,1.41428
144,fb1,0.947984,1.3168
144,fb2,1.36387,2.01825
145,fb0,1.88548,1.41196
145,fb1,0.949759,1.31637
145,fb2,1.365,2.0179
146,fb0,1.88347,1.40965
146,fb1,0.951533,1.31596
146,fb2,1.36613,2.01754
147,fb0,1.88146,1.40735
147,fb1,0.953308,1.31557
147,fb2,1.36725,2.01716
148,fb0,1.87945,1.40505
148,fb1,0.95508,1.3152
148,fb2,1.36835,2.01677
149,fb0,1.87745,1.40275
149,fb1,0.95685,1.31485
149,fb2,1.36945,2.01637
150,fb0,1.87546,1.40046
150,fb1,0.958616,1.31452
150,fb2,1.37054,2.01595
151,fb0,1.87347,1.39818
151,fb1,0.960377,1.31421
151,fb2,1.37162,2.01552
152,fb0,1.87148,1.3959
152,fb1,0.962133,1.31393
152,fb2,1.37269,2.01508
153,fb0,1.8695,1.39363
153,fb1,0.963882,1.31366
153,fb2,1.37375,2.01463
154,fb0,1.86753,1.39137
154,fb1,0.965624,1.31341
154,fb2,1.37479,2.01417
155,fb0,1.86556,1.38911
155,fb1,0.967357,1.31318
155,fb2,1.37583,2.0137
156,fb0,1.8636,1.38686
156,fb1,0.969081,1.31296
156,fb2,1.37686,2.01322
157,fb0,1.86165,1.38462
157,fb1,0.970795,1.31276
157,fb2,1.37787,2.01273
158,fb0,1.8597,1.38239
158,fb1,0.972497,1.31258
158,fb2,1.37888,2.01223
159,fb0,1.85776,1.38017
159,fb1,0.974187,1.31242
159,fb2,1.37987,2.01172
160,fb0,1.85583,1.37795
160,fb1,0.975864,1.31227
160,fb2,1.38085,2.0112
161,fb0,1.85391,1.37574
161,fb1,0.977526,1.31213
161,fb2,1.38182,2.01067
162,fb0,1.85199,1.37354
162,fb1,0.979174,1.31202
162,fb2,1.38277,2.01014
163,fb0,1.85008,1.37136
163,fb1,0.980805,1.31191
163,fb2,1.38372,2.0096
164,fb0,1.84818,1.36918
164,fb1,0.98242,1.31182
164,fb2,1.38465,2.00906
165,fb0,1.84629,1.36701
165,fb1,0.984017,1.31174
165,fb2,1.38558,2.00851
166,fb0,1.84441,1.36485
166,fb1,0.985596,1.31167
166,fb2,1.38649,2.00795
167,fb0,1.84254,1.3627
167,fb1,0.987155,1.31162
167,fb2,1.38738,2.00739
168,fb0,1.84067,1.36056
168,fb1,0.988694,1.31157
168,fb2,1.38827,2.00682
169,fb0,1.83882,1.35844
169,fb1,0.990211,1.31154
169,fb2,1.38914,2.00625
170,fb0,1.83698,1.35633
170,fb1,0.991707,1.31152
170,fb2,1.39,2.00567
171,fb0,1.83515,1.35422
171,fb1,0.99318,1.3115
171,fb2,1.39085,2.00509
172,fb0,1.83332,1.35213
172,fb1,0.994629,1.3115
172,fb2,1.39169,2.00451
173,fb0,1.83151,1.35006
173,fb1,0.996054,1.3115
173,fb2,1.39252,2.00392
174,fb0,1.82971,1.34799
174,fb1,0.997454,1.31152
174,fb2,1.39333,2.00333
175,fb0,1.82792,1.34594
175,fb1,0.998829,1.31153
175,fb2,1.39414,2.00274
176,fb0,1.82615,1.3439
176,fb1,1.00018,1.31156
176,fb2,1.39493,2.00215
177,fb0,1.82438,1.34188
177,fb1,1.0015,1.31159
177,fb2,1.39571,2.00155
178,fb0,1.82263,1.33987
178,fb1,1.00279,1.31163
178,fb2,1.39648,2.00095
179,fb0,1.82089,1.33787
179,fb1,1.00405,1.31168
179,fb2,1.39724,2.00036
180,fb0,1.81916,1.33589
180,fb1,1.00529,1.31173
180,fb2,1.39798,1.99976
181,fb0,1.81744,1.33392
181,fb1,1.0065,1.31178
181,fb2,1.39872,1.99915
182,fb0,1.81574,1.33196
182,fb1,1.00767,1.31184
182,fb2,1.39944,1.99855
183,fb0,1.81404,1.33002
183,fb1,1.00882,1.3119
183,fb2,1.40016,1.99795
184,fb0,1.81236,1.32809
184,fb1,1.00993,1.31196
184,fb2,1.40086,1.99735
185,fb0,1.8107,1.32618
185,fb1,1.01102,1.31203
185,fb2,1.40156,1.99675
186,fb0,1.80904,1.32428
186,fb1,1.01207,1.3121
186,fb2,1.40224,1.99614
187,fb0,1.8074,1.3224
187,fb1,1.01309,1.31217
187,fb2,1.40291,1.99554
188,fb0,1.80577,1.32053
188,fb1,1.01408,1.31225
188,fb2,1.40358,1.99494
189,fb0,1.80415,1.31868
189,fb1,1.01503,1.31232
189,fb2,1.40423,1.99434
190,fb0,1.80255,1.31684
190,fb1,1.01595,1.31239
190,fb2,1.40488,1.99374
191,fb0,1.80096,1.31501
191,fb1,1.01684,1.31247
191,fb2,1.40551,1.99314
192,fb0,1.79938,1.3132
192,fb1,1.0177,1.31255
192,fb2,1.40614,1.99254
193,fb0,1.79781,1.3114
193,fb1,1.01852,1.31262
193,fb2,1.40676,1.99194
194,fb0,1.79625,1.30962
194,fb1,1.01931,1.3127
194,fb2,1.40737,1.99134
195,fb0,1.79471,1.30785
195,fb1,1.02007,1.31277
195,fb2,1.40797,1.99075
196,fb0,1.79318,1.30609
196,fb1,1.0208,1.31285
196,fb2,1.40856,1.99015
197,fb0,1.79166,1.30434
197,fb1,1.02149,1.31292
197,fb2,1.40915,1.98956
198,fb0,1.79015,1.30261
198,fb1,1.02215,1.31299
198,fb2,1.40972,1.98897
199,fb0,1.78867,1.30088
199,fb1,1.02278,1.31306
199,fb2,1.41029,1.98838
200,fb0,1.7872,1.29916
200,fb1,1.02338,1.31313
200,fb2,1.41086,1.98779
201,fb0,1.78575,1.29744
201,fb1,1.02395,1.3132
201,fb2,1.41141,1.9872
202,fb0,1.78431,1.29573
202,fb1,1.02448,1.31326
202,fb2,1.41196,1.98661
203,fb0,1.7829,1.29402
203,fb1,1.02499,1.31332
203,fb2,1.4125,1.98602
204,fb0,1.7815,1.29232
204,fb1,1.02548,1.31339
204,fb2,1.41304,1.98543
205,fb0,1.78012,1.29063
205,fb1,1.02593,1.31344
205,fb2,1.41357,1.98485
206,fb0,1.77875,1.28893
206,fb1,1.02636,1.3135
206,fb2,1.41409,1.98426
207,fb0,1.7774,1.28724
207,fb1,1.02676,1.31356
207,fb2,1.41461,1.98368
208,fb0,1.77607,1.28556
208,fb1,1.02714,1.31361
208,fb2,1.41512,1.98309
209,fb0,1.77476,1.28388
209,fb1,1.02751,1.31366
209,fb2,1.41563,1.98251
210,fb0,1.77346,1.28219
210,fb1,1.02785,1.31371
210,fb2,1.41613,1.98193
211,fb0,1.77218,1.28052
211,fb1,1.02818,1.31376
211,fb2,1.41663,1.98134
212,fb0,1.77091,1.27884
212,fb1,1.02849,1.31381
212,fb2,1.41713,1.98076
213,fb0,1.76966,1.27716
213,fb1,1.02879,1.31385
213,fb2,1.41762,1.98017
214,fb0,1.76842,1.27549
214,fb1,1.02909,1.3139
214,fb2,1.4181,1.97959
215,fb0,1.76721,1.27381
215,fb1,1.02938,1.31395
215,fb2,1.41858,1.97901
216,fb0,1.766,1.27214
216,fb1,1.02967,1.31399
216,fb2,1.41906,1.97842
217,fb0,1.76481,1.27046
217,fb1,1.0297,1.314
217,fb2,1.41953,1.97784
218,fb0,1.76364,1.26879
218,fb1,1.0297,1.314
218,fb2,1.42,1.97725
219,fb0,1.76248,1.26711
219,fb1,1.0297,1.314
219,fb2,1.42047,1.97666
220,fb0,1.76134,1.26543
220,fb1,1.0297,1.314
220,fb2,1.42094,1.97608
221,fb0,1.76021,1.26375
221,fb1,1.0297,1.314
221,fb2,1.4214,1.97548
222,fb0,1.75909,1.26207
222,fb1,1.0297,1.314
222,fb2,1.42187,1.97489
223,fb0,1.75799,1.26038
223,fb1,1.0297,1.314
223,fb2,1.42233,1.97429
224,fb0,1.75691,1.25869
224,fb1,1.02983,1.31431
224,fb2,1.42279,1.9737
225,fb0,1.75584,1.257
225,fb1,1.02998,1.31466
225,fb2,1.42324,1.9731
226,fb0,1.75478,1.25531
226,fb1,1.03014,1.31503
226,fb2,1.42369,1.9725
227,fb0,1.75373,1.25361
227,fb1,1.0303,1.31542
227,fb2,1.42414,1.97191
228,fb0,1.75271,1.25191
228,fb1,1.03046,1.31583
228,fb2,1.42458,1.97132
229,fb0,1.75169,1.25021
229,fb1,1.03064,1.31626
229,fb2,1.42501,1.97073
230,fb0,1.75069,1.2485
230,fb1,1.03081,1.31671
230,fb2,1.42545,1.97014
231,fb0,1.7497,1.24679
231,fb1,1.03099,1.31719
231,fb2,1.42588,1.96955
232,fb0,1.74873,1.24507
232,fb1,1.03118,1.31768
232,fb2,1.4263,1.96896
233,fb0,1.74777,1.24335
233,fb1,1.03137,1.3182
233,fb2,1.42672,1.96838
234,fb0,1.74682,1.24163
234,fb1,1.03157,1.31874
234,fb2,1.42714,1.9678
235,fb0,1.74589,1.2399
235,fb1,1.03177,1.31931
235,fb2,1.42755,1.96722
236,fb0,1.74497,1.23816
236,fb1,1.03197,1.3199
236,fb2,1.42796,1.96664
237,fb0,1.74407,1.23643
237,fb1,1.03199,1.31996
237,fb2,1.42836,1.96607
238,fb0,1.74318,1.23468
238,fb1,1.03199,1.31996
238,fb2,1.42876,1.96549
239,fb0,1.74231,1.23293
239,fb1,1.03199,1.31996
239,fb2,1.42917,1.96492
240,fb0,1.74145,1.23118
240,fb1,1.03193,1.3206
240,fb2,1.42957,1.96433
241,fb0,1.7406,1.22942
241,fb1,1.03185,1.32132
241,fb2,1.42997,1.96375
242,fb0,1.73977,1.22766
242,fb1,1.03176,1.32206
242,fb2,1.43037,1.96318
243,fb0,1.73895,1.2259
243,fb1,1.03166,1.32281
243,fb2,1.43076,1.9626
244,fb0,1.73814,1.22413
244,fb1,1.03155,1.32358
244,fb2,1.43115,1.96203
245,fb0,1.73735,1.22235
245,fb1,1.03144,1.32436
245,fb2,1.43154,1.96145
246,fb0,1.73658,1.22057
246,fb1,1.03131,1.32515
246,fb2,1.43193,1.96088
247,fb0,1.73581,1.21879
247,fb1,1.03118,1.32595
247,fb2,1.43231,1.96031
248,fb0,1.73506,1.217
248,fb1,1.03103,1.32677
248,fb2,1.43269,1.95975
249,fb0,1.73433,1.21522
249,fb1,1.03088,1.3276
249,fb2,1.43307,1.95918
250,fb0,1.73361,1.21343
250,fb1,1.03072,1.32843
250,fb2,1.43345,1.95862
251,fb0,1.7329,1.21163
251,fb1,1.03054,1.32928
251,fb2,1.43382,1.95806
252,fb0,1.7322,1.20984
252,fb1,1.03036,1.33013
252,fb2,1.43419,1.9575
253,fb0,1.73152,1.20804
253,fb1,1.03016,1.33099
253,fb2,1.43457,1.95694
254,fb0,1.73085,1.20624
254,fb1,1.02996,1.33185
254,fb2,1.43494,1.95638
255,fb0,1.73019,1.20444
255,fb1,1.02974,1.33272
255,fb2,1.43531,1.95582
256,fb0,1.72955,1.20264
256,fb1,1.02952,1.3336
256,fb2,1.43568,1.95527
257,fb0,1.72892,1.20085
257,fb1,1.02928,1.33448
257,fb2,1.43605,1.95471
258,fb0,1.7283,1.19905
258,fb1,1.02903,1.33536
258,fb2,1.43642,1.95416
259,fb0,1.72769,1.19725
259,fb1,1.02877,1.33624
259,fb2,1.43679,1.9536
260,fb0,1.7271,1.19545
260,fb1,1.02851,1.33713
260,fb2,1.43716,1.95305
261,fb0,1.72651,1.19365
261,fb1,1.02823,1.33801
261,fb2,1.43753,1.95249
262,fb0,1.72594,1.19186
262,fb1,1.02794,1.3389
262,fb2,1.4379,1.95194
263,fb0,1.72538,1.19006
263,fb1,1.02764,1.33978
263,fb2,1.43827,1.95138
264,fb0,1.72482,1.18827
264,fb1,1.02733,1.34066
264,fb2,1.43864,1.95082
265,fb0,1.72428,1.18649
265,fb1,1.02701,1.34155
265,fb2,1.43901,1.95027
266,fb0,1.72375,1.1847
266,fb1,1.02668,1.34242
266,fb2,1.43938,1.94971
267,fb0,1.72322,1.18292
267,fb1,1.02634,1.3433
267,fb2,1.43976,1.94914
268,fb0,1.72271,1.18114
268,fb1,1.02599,1.34417
268,fb2,1.44013,1.94858
269,fb0,1.72221,1.17936
269,fb1,1.02563,1.34503
269,fb2,1.44051,1.94802
270,fb0,1.72171,1.17759
270,fb1,1.02526,1.34589
270,fb2,1.44089,1.94745
271,fb0,1.72122,1.17582
271,fb1,1.02489,1.34675
271,fb2,1.44127,1.94688
272,fb0,1.72074,1.17406
272,fb1,1.0245,1.3476
272,fb2,1.44165,1.94631
273,fb0,1.72026,1.17229
273,fb1,1.02411,1.34844
273,fb2,1.44204,1.94574
274,fb0,1.71979,1.17054
274,fb1,1.02371,1.34928
274,fb2,1.44243,1.94516
275,fb0,1.71933,1.16879
275,fb1,1.02329,1.35011
275,fb2,1.44282,1.94458
276,fb0,1.71886,1.16704
276,fb1,1.02288,1.35094
276,fb2,1.44321,1.944
277,fb0,1.7184,1.1653
277,fb1,1.02245,1.35176
277,fb2,1.44361,1.94341
278,fb0,1.71794,1.16356
278,fb1,1.02201,1.35257
278,fb2,1.44402,1.94283
279,fb0,1.71748,1.16183
279,fb1,1.02157,1.35337
279,fb2,1.44442,1.94224
280,fb0,1.71702,1.16011
280,fb1,1.02112,1.35417
280,fb2,1.44483,1.94165
281,fb0,1.71657,1.15839
281,fb1,1.02066,1.35496
281,fb2,1.44525,1.94105
282,fb0,1.71611,1.15667
282,fb1,1.02019,1.35574
282,fb2,1.44567,1.94045
283,fb0,1.71565,1.15496
283,fb1,1.01972,1.35652
283,fb2,1.44609,1.93985
284,fb0,1.7152,1.15325
284,fb1,1.01924,1.35729
284,fb2,1.44652,1.93924
285,fb0,1.71475,1.15155
285,fb1,1.01875,1.35805
285,fb2,1.44696,1.93863
286,fb0,1.7143,1.14986
286,fb1,1.01825,1.3588
286,fb2,1.44739,1.93802
287,fb0,1.71385,1.14816
287,fb1,1.01775,1.35955
287,fb2,1.44784,1.93741
288,fb0,1.7134,1.14647
288,fb1,1.01724,1.36029
288,fb2,1.44829,1.93679
289,fb0,1.71295,1.14479
289,fb1,1.01672,1.36102
289,fb2,1.44874,1.93617
290,fb0,1.7125,1.14311
290,fb1,1.01619,1.36174
290,fb2,1.4492,1.93554
291,fb0,1.71206,1.14143
291,fb1,1.01566,1.36246
291,fb2,1.44966,1.93491
292,fb0,1.71161,1.13975
292,fb1,1.01512,1.36317
292,fb2,1.45013,1.93428
293,fb0,1.71117,1.13808
293,fb1,1.01458,1.36387
293,fb2,1.45061,1.93365
294,fb0,1.71073,1.13642
294,fb1,1.01402,1.36456
294,fb2,1.45109,1.93301
295,fb0,1.71028,1.13475
295,fb1,1.01346,1.36525
295,fb2,1.45158,1.93237
296,fb0,1.70984,1.13309
296,fb1,1.0129,1.36593
296,fb2,1.45207,1.93173
297,fb0,1.7094,1.13143
297,fb1,1.01232,1.3666
297,fb2,1.45257,1.93109
298,fb0,1.70896,1.12977
298,fb1,1.01174,1.36726
298,fb2,1.45307,1.93044
299,fb0,1.70852,1.12812
299,fb1,1.01115,1.36791
299,fb2,1.45358,1.92979
300,fb0,1.70808,1.12647
300,fb1,1.01056,1.36856
300,fb2,1.4541,1.92913
301,fb0,1.70764,1.12482
301,fb1,1.00996,1.3692
301,fb2,1.45462,1.92848
302,fb0,1.70721,1.12317
302,fb1,1.00935,1.36983
302,fb2,1.45515,1.92782
303,fb0,1.70677,1.12153
303,fb1,1.00874,1.37045
303,fb2,1.45568,1.92716
304,fb0,1.70633,1.11988
304,fb1,1.00812,1.37106
304,fb2,1.45622,1.9265
305,fb0,1.7059,1.11824
305,fb1,1.0075,1.37166
305,fb2,1.45677,1.92584
306,fb0,1.70546,1.1166
306,fb1,1.00687,1.37226
306,fb2,1.45732,1.92517
307,fb0,1.70502,1.11496
307,fb1,1.00623,1.37285
307,fb2,1.45787,1.92451
308,fb0,1.70458,1.11333
308,fb1,1.00559,1.37342
308,fb2,1.45844,1.92384
309,fb0,1.70413,1.11169
309,fb1,1.00495,1.37399
309,fb2,1.45901,1.92317
310,fb0,1.70368,1.11006
310,fb1,1.00429,1.37455
310,fb2,1.45958,1.9225
311,fb0,1.70322,1.10843
311,fb1,1.00364,1.3751
311,fb2,1.46016,1.92183
312,fb0,1.70275,1.10681
312,fb1,1.00298,1.37564
312,fb2,1.46074,1.92116
313,fb0,1.70229,1.10518
313,fb1,1.00231,1.37617
313,fb2,1.46133,1.92049
314,fb0,1.70181,1.10356
314,fb1,1.00164,1.3767
314,fb2,1.46193,1.91982
315,fb0,1.70133,1.10194
315,fb1,1.00096,1.37721
315,fb2,1.46252,1.91915
316,fb0,1.70085,1.10032
316,fb1,1.00029,1.37771
316,fb2,1.46313,1.91848
317,fb0,1.70035,1.09871
317,fb1,0.999603,1.37821
317,fb2,1.46374,1.9178
318,fb0,1.69985,1.09709
318,fb1,0.998917,1.37869
318,fb2,1.46435,1.91713
319,fb0,1.69935,1.09548
319,fb1,0.998228,1.37916
319,fb2,1.46497,1.91646
320,fb0,1.69884,1.09388
320,fb1,0.997535,1.37963
320,fb2,1.46559,1.91579
321,fb0,1.69832,1.09227
321,fb1,0.997466,1.37967
321,fb2,1.46621,1.91512
322,fb0,1.69779,1.09067
322,fb1,0.997466,1.37967
322,fb2,1.46684,1.91445
323,fb0,1.69726,1.08907
323,fb1,0.997466,1.37967
323,fb2,1.46748,1.91378
324,fb0,1.69673,1.08748
324,fb1,0.996724,1.3798
324,fb2,1.46811,1.91311
325,fb0,1.69618,1.08589
325,fb1,0.995906,1.37991
325,fb2,1.46875,1.91245
326,fb0,1.69563,1.0843
326,fb1,0.9951,1.38002
326,fb2,1.46939,1.91179
327,fb0,1.69507,1.08272
327,fb1,0.994305,1.38012
327,fb2,1.47004,1.91113
328,fb0,1.69451,1.08114
328,fb1,0.993522,1.38021
328,fb2,1.47068,1.91047
329,fb0,1.69394,1.07956
329,fb1,0.992749,1.38029
329,fb2,1.47132,1.90982
330,fb0,1.69336,1.07798
330,fb1,0.991988,1.38037
330,fb2,1.47197,1.90916
331,fb0,1.69278,1.07641
331,fb1,0.991237,1.38043
331,fb2,1.47262,1.90851
332,fb0,1.69218,1.07484
332,fb1,0.990497,1.38049
332,fb2,1.47326,1.90787
333,fb0,1.69158,1.07327
333,fb1,0.989767,1.38055
333,fb2,1.47391,1.90722
334,fb0,1.69098,1.07171
334,fb1,0.989048,1.38059
334,fb2,1.47456,1.90658
335,fb0,1.69036,1.07015
335,fb1,0.988338,1.38063
335,fb2,1.47522,1.90593
336,fb0,1.68974,1.06859
336,fb1,0.987638,1.38067
336,fb2,1.47587,1.90529
337,fb0,1.68911,1.06704
337,fb1,0.986947,1.3807
337,fb2,1.47652,1.90465
338,fb0,1.68848,1.06549
338,fb1,0.986266,1.38072
338,fb2,1.47718,1.90401
339,fb0,1.68783,1.06394
339,fb1,0.985593,1.38073
339,fb2,1.47783,1.90337
340,fb0,1.68718,1.0624
340,fb1,0.98493,1.38074
340,fb2,1.47849,1.90273
341,fb0,1.68653,1.06086
341,fb1,0.984275,1.38075
341,fb2,1.47914,1.90209
342,fb0,1.68586,1.05932
342,fb1,0.983628,1.38075
342,fb2,1.4798,1.90145
343,fb0,1.68519,1.05779
343,fb1,0.982989,1.38075
343,fb2,1.48046,1.90081
344,fb0,1.68451,1.05627
344,fb1,0.982358,1.38074
344,fb2,1.48111,1.90017
345,fb0,1.68382,1.05474
345,fb1,0.981735,1.38072
345,fb2,1.48177,1.89953
346,fb0,1.68313,1.05322
346,fb1,0.981118,1.3807
346,fb2,1.48243,1.89889
347,fb0,1.68243,1.05171
347,fb1,0.980509,1.38068
347,fb2,1.48309,1.89824
348,fb0,1.68172,1.0502
348,fb1,0.979907,1.38065
348,fb2,1.48375,1.8976
349,fb0,1.68101,1.0487
349,fb1,0.979312,1.38062
349,fb2,1.48441,1.89695
350,fb0,1.68045,1.04753
350,fb1,0.978722,1.38059
350,fb2,1.48508,1.89631
351,fb0,1.67993,1.0464
351,fb1,0.978139,1.38055
351,fb2,1.48574,1.89566
352,fb0,1.67927,1.04492
352,fb1,0.977563,1.3805
352,fb2,1.4864,1.89501
353,fb0,1.67875,1.04373
353,fb1,0.976991,1.38045
353,fb2,1.48707,1.89436
354,fb0,1.67826,1.04259
354,fb1,0.976425,1.3804
354,fb2,1.48774,1.89371
355,fb0,1.67778,1.04143
355,fb1,0.975864,1.38035
355,fb2,1.48841,1.89306
356,fb0,1.67733,1.04026
356,fb1,0.975308,1.38029
356,fb2,1.48908,1.8924
357,fb0,1.6769,1.03909
357,fb1,0.974756,1.38022
357,fb2,1.48975,1.89175
358,fb0,1.6765,1.03791
358,fb1,0.974208,1.38015
358,fb2,1.49042,1.89109
359,fb0,1.67611,1.03672
359,fb1,0.973663,1.38008
359,fb2,1.49109,1.89044
360,fb0,1.67574,1.03552
360,fb1,0.973608,1.38008
360,fb2,1.49177,1.88978
361,fb0,1.6754,1.03432
361,fb1,0.973608,1.38008
361,fb2,1.49244,1.88912
362,fb0,1.67508,1.03311
362,fb1,0.973608,1.38008
362,fb2,1.49312,1.88846
363,fb0,1.67478,1.0319
363,fb1,0.973187,1.37981
363,fb2,1.4938,1.8878
364,fb0,1.6745,1.03068
364,fb1,0.972726,1.37952
364,fb2,1.49448,1.88713
365,fb0,1.67424,1.02946
365,fb1,0.97227,1.37922
365,fb2,1.49516,1.88647
366,fb0,1.674,1.02823
366,fb1,0.971817,1.37892
366,fb2,1.49585,1.8858
367,fb0,1.67379,1.027
367,fb1,0.971368,1.37862
367,fb2,1.49653,1.88513
368,fb0,1.6736,1.02576
368,fb1,0.970922,1.37832
368,fb2,1.49722,1.88445
369,fb0,1.67343,1.02453
369,fb1,0.970478,1.37801
369,fb2,1.4979,1.88377
370,fb0,1.67328,1.02328
370,fb1,0.970036,1.3777
370,fb2,1.49859,1.88309
371,fb0,1.67315,1.02204
371,fb1,0.969595,1.37739
371,fb2,1.49928,1.8824
372,fb0,1.67305,1.0208
372,fb1,0.969155,1.37707
372,fb2,1.49997,1.88171
373,fb0,1.67297,1.01955
373,fb1,0.968715,1.37675
373,fb2,1.50067,1.88101
374,fb0,1.67291,1.0183
374,fb1,0.968275,1.37643
374,fb2,1.50136,1.88031
375,fb0,1.67287,1.01705
375,fb1,0.967835,1.3761
375,fb2,1.50206,1.8796
376,fb0,1.67286,1.0158
376,fb1,0.967394,1.37576
376,fb2,1.50275,1.87889
377,fb0,1.67287,1.01455
377,fb1,0.966952,1.37542
377,fb2,1.50345,1.87817
378,fb0,1.6729,1.0133
378,fb1,0.966508,1.37507
378,fb2,1.50415,1.87745
379,fb0,1.67295,1.01205
379,fb1,0.966062,1.37472
379,fb2,1.50485,1.87672
380,fb0,1.67303,1.0108
380,fb1,0.965615,1.37435
380,fb2,1.50556,1.87598
381,fb0,1.67312,1.00956
381,fb1,0.965165,1.37398
381,fb2,1.50626,1.87524
382,fb0,1.67324,1.00831
382,fb1,0.96512,1.37394
382,fb2,1.50697,1.87449
383,fb0,1.67339,1.00707
383,fb1,0.96512,1.37394
383,fb2,1.50767,1.87374
384,fb0,1.67355,1.00583
384,fb1,0.96512,1.37394
384,fb2,1.50837,1.87299
385,fb0,1.67374,1.0046
385,fb1,0.964877,1.37345
385,fb2,1.50907,1.87223
386,fb0,1.67394,1.00336
386,fb1,0.964615,1.37289
386,fb2,1.50977,1.87146
387,fb0,1.67417,1.00213
387,fb1,0.964355,1.37233
387,fb2,1.51048,1.87069
388,fb0,1.67443,1.00091
388,fb1,0.964096,1.37175
388,fb2,1.51118,1.86992
389,fb0,1.6747,0.999691
389,fb1,0.963837,1.37117
389,fb2,1.51188,1.86913
390,fb0,1.675,0.998476
390,fb1,0.96358,1.37058
390,fb2,1.51259,1.86834
391,fb0,1.67531,0.997267
391,fb1,0.963324,1.36998
391,fb2,1.51329,1.86755
392,fb0,1.67565,0.996064
392,fb1,0.963069,1.36937
392,fb2,1.514,1.86674
393,fb0,1.67601,0.994867
393,fb1,0.962815,1.36875
393,fb2,1.51471,1.86593
394,fb0,1.67639,0.993677
394,fb1,0.962563,1.36812
394,fb2,1.51541,1.86511
395,fb0,1.6768,0.992494
395,fb1,0.962313,1.36748
395,fb2,1.51612,1.86429
396,fb0,1.67722,0.991318
396,fb1,0.962065,1.36683
396,fb2,1.51683,1.86345
397,fb0,1.67766,0.990149
397,fb1,0.961818,1.36617
397,fb2,1.51753,1.86261
398,fb0,1.67813,0.988989
398,fb1,0.961574,1.3655
398,fb2,1.51824,1.86176
399,fb0,1.67862,0.987838
399,fb1,0.961332,1.36481
399,fb2,1.51895,1.86091
400,fb0,1.67912,0.986695
400,fb1,0.961093,1.36412
400,fb2,1.51966,1.86004
401,fb0,1.67965,0.985562
401,fb1,0.960857,1.36341
401,fb2,1.52036,1.85917
402,fb0,1.6802,0.984438
402,fb1,0.960624,1.36269
402,fb2,1.52107,1.85829
403,fb0,1.68076,0.983324
403,fb1,0.960395,1.36196
403,fb2,1.52178,1.8574
404,fb0,1.68135,0.98222
404,fb1,0.960169,1.36121
404,fb2,1.52248,1.85651
405,fb0,1.68196,0.981127
405,fb1,0.959948,1.36046
405,fb2,1.52319,1.85561
406,fb0,1.68258,0.980045
406,fb1,0.959731,1.35969
406,fb2,1.52389,1.85469
407,fb0,1.68323,0.978974
407,fb1,0.959519,1.35891
407,fb2,1.5246,1.85377
408,fb0,1.68389,0.977915
408,fb1,0.959312,1.35811
408,fb2,1.5253,1.85285
409,fb0,1.68458,0.976869
409,fb1,0.95911,1.35731
409,fb2,1.526,1.85191
410,fb0,1.68528,0.975834
410,fb1,0.958915,1.35649
410,fb2,1.5267,1.85096
411,fb0,1.68535,0.975731
411,fb1,0.958725,1.35565
411,fb2,1.5274,1.85001
412,fb0,1.68535,0.975731
412,fb1,0.958543,1.35482
412,fb2,1.52809,1.84905
413,fb0,1.68535,0.975731
413,fb1,0.95837,1.35397
413,fb2,1.52878,1.84809
414,fb0,1.68567,0.974178
414,fb1,0.958205,1.35313
414,fb2,1.52947,1.84712
415,fb0,1.68597,0.972441
415,fb1,0.958048,1.35227
415,fb2,1.53016,1.84614
416,fb0,1.68624,0.970697
416,fb1,0.957898,1.3514
416,fb2,1.53084,1.84515
417,fb0,1.68648,0.968946
417,fb1,0.957756,1.35052
417,fb2,1.53153,1.84415
418,fb0,1.68669,0.967189
418,fb1,0.957623,1.34963
418,fb2,1.53221,1.84314
419,fb0,1.68686,0.965428
419,fb1,0.957498,1.34873
419,fb2,1.53289,1.84212
420,fb0,1.687,0.963663
420,fb1,0.957382,1.34782
420,fb2,1.53357,1.8411
421,fb0,1.68711,0.961895
421,fb1,0.957275,1.34689
421,fb2,1.53424,1.84006
422,fb0,1.68718,0.960125
422,fb1,0.957178,1.34596
422,fb2,1.53491,1.83901
423,fb0,1.68723,0.958354
423,fb1,0.957091,1.34502
423,fb2,1.53558,1.83796
424,fb0,1.68725,0.956582
424,fb1,0.957014,1.34407
424,fb2,1.53625,1.8369
425,fb0,1.68723,0.954811
425,fb1,0.956948,1.34312
425,fb2,1.53692,1.83582
426,fb0,1.68718,0.95304
426,fb1,0.956892,1.34215
426,fb2,1.53758,1.83474
427,fb0,1.68711,0.951271
427,fb1,0.956847,1.34118
427,fb2,1.53824,1.83365
428,fb0,1.68701,0.949504
428,fb1,0.956813,1.3402
428,fb2,1.53889,1.83255
429,fb0,1.68693,0.948464
429,fb1,0.95681,1.34011
429,fb2,1.53954,1.83144
430,fb0,1.68685,0.947507
430,fb1,0.95681,1.34011
430,fb2,1.54019,1.83033
431,fb0,1.68675,0.946552
431,fb1,0.95681,1.34011
431,fb2,1.54083,1.82922
432,fb0,1.68665,0.945601
432,fb1,0.95681,1.34011
432,fb2,1.54145,1.82811
433,fb0,1.68653,0.944651
433,fb1,0.95681,1.34011
433,fb2,1.54207,1.827
434,fb0,1.6864,0.943705
434,fb1,0.95681,1.34011
434,fb2,1.54269,1.82588
435,fb0,1.68626,0.942763
435,fb1,0.95681,1.34011
435,fb2,1.54329,1.82477
436,fb0,1.68612,0.941823
436,fb1,0.95681,1.34011
436,fb2,1.54389,1.82365
437,fb0,1.68596,0.940887
437,fb1,0.957094,1.33996
437,fb2,1.54448,1.82253
438,fb0,1.68579,0.939955
438,fb1,0.957403,1.33982
438,fb2,1.54507,1.82142
439,fb0,1.68561,0.939026
439,fb1,0.957701,1.33968
439,fb2,1.54564,1.82031
440,fb0,1.68543,0.938102
440,fb1,0.957988,1.33954
440,fb2,1.54621,1.81919
441,fb0,1.68523,0.937181
441,fb1,0.958264,1.33941
441,fb2,1.54677,1.81808
442,fb0,1.68502,0.936264
442,fb1,0.958529,1.33929
442,fb2,1.54732,1.81697
443,fb0,1.68481,0.935352
443,fb1,0.958782,1.33917
443,fb2,1.54787,1.81586
444,fb0,1.68459,0.934443
444,fb1,0.959024,1.33906
444,fb2,1.54841,1.81476
445,fb0,1.68436,0.933539
445,fb1,0.959255,1.33896
445,fb2,1.54894,1.81365
446,fb0,1.68412,0.932639
446,fb1,0.959474,1.33886
446,fb2,1.54947,1.81255
447,fb0,1.68387,0.931743
447,fb1,0.959682,1.33877
447,fb2,1.54999,1.81144
448,fb0,1.68361,0.930852
448,fb1,0.959878,1.33868
448,fb2,1.5505,1.81035
449,fb0,1.68335,0.929965
449,fb1,0.960063,1.3386
449,fb2,1.55101,1.80925
450,fb0,1.68307,0.929083
450,fb1,0.960236,1.33852
450,fb2,1.55151,1.80815
451,fb0,1.6828,0.928204
451,fb1,0.960398,1.33845
451,fb2,1.552,1.80706
452,fb0,1.68251,0.927331
452,fb1,0.960549,1.33839
452,fb2,1.55249,1.80597
453,fb0,1.68221,0.926462
453,fb1,0.960688,1.33833
453,fb2,1.55297,1.80488
454,fb0,1.68191,0.925597
454,fb1,0.960815,1.33827
454,fb2,1.55345,1.80379
455,fb0,1.6816,0.924736
455,fb1,0.960932,1.33822
455,fb2,1.55392,1.80271
456,fb0,1.68129,0.92388
456,fb1,0.961037,1.33818
456,fb2,1.55439,1.80162
457,fb0,1.68097,0.923028
457,fb1,0.961131,1.33814
457,fb2,1.55485,1.80054
458,fb0,1.68064,0.922181
458,fb1,0.961214,1.3381
458,fb2,1.55531,1.79946
459,fb0,1.6803,0.921338
459,fb1,0.961286,1.33807
459,fb2,1.55576,1.79839
460,fb0,1.67996,0.9205
460,fb1,0.961347,1.33805
460,fb2,1.5562,1.79731
461,fb0,1.67961,0.919666
461,fb1,0.961398,1.33803
461,fb2,1.55665,1.79624
462,fb0,1.67926,0.918837
462,fb1,0.961438,1.33801
462,fb2,1.55708,1.79518
463,fb0,1.6789,0.918013
463,fb1,0.961467,1.338
463,fb2,1.55752,1.79411
464,fb0,1.67853,0.917193
464,fb1,0.961485,1.33799
464,fb2,1.55794,1.79304
465,fb0,1.67816,0.916378
465,fb1,0.961494,1.33799
465,fb2,1.55837,1.79198
466,fb0,1.67778,0.915568
466,fb1,0.961495,1.33799
466,fb2,1.55879,1.79092
467,fb0,1.6774,0.914762
467,fb1,0.961495,1.33799
467,fb2,1.55921,1.78987
468,fb0,1.67701,0.913961
468,fb1,0.961495,1.33799
468,fb2,1.55962,1.78881
469,fb0,1.67662,0.913165
469,fb1,0.961495,1.33799
469,fb2,1.56003,1.78776
470,fb0,1.67623,0.912374
470,fb1,0.961495,1.33799
470,fb2,1.56043,1.78671
471,fb0,1.67582,0.911587
471,fb1,0.961495,1.33799
471,fb2,1.56083,1.78566
472,fb0,1.67542,0.910805
472,fb1,0.961495,1.33799
472,fb2,1.56123,1.78462
473,fb0,1.67501,0.910028
473,fb1,0.961508,1.33792
473,fb2,1.56162,1.78358
474,fb0,1.67459,0.909255
474,fb1,0.961524,1.33783
474,fb2,1.56202,1.78254
475,fb0,1.67417,0.908487
475,fb1,0.96154,1.33773
475,fb2,1.5624,1.7815
476,fb0,1.67375,0.907724
476,fb1,0.961559,1.33762
476,fb2,1.56279,1.78046
477,fb0,1.67332,0.906965
477,fb1,0.961579,1.33751
477,fb2,1.56317,1.77943
478,fb0,1.67289,0.90621
478,fb1,0.9616,1.33738
478,fb2,1.56355,1.7784
479,fb0,1.67245,0.905461
479,fb1,0.961623,1.33725
479,fb2,1.56392,1.77737
480,fb0,1.67201,0.904716
480,fb1,0.961647,1.3371
480,fb2,1.5643,1.77635
481,fb0,1.67157,0.903975
481,fb1,0.961673,1.33695
481,fb2,1.56467,1.77532
482,fb0,1.67112,0.903238
482,fb1,0.961699,1.33679
482,fb2,1.56504,1.7743
483,fb0,1.67067,0.902507
483,fb1,0.961727,1.33662
483,fb2,1.56541,1.77329
484,fb0,1.67021,0.901779
484,fb1,0.961755,1.33644
484,fb2,1.56578,1.77227
485,fb0,1.66976,0.901056
485,fb1,0.961785,1.33625
485,fb2,1.56615,1.77126
486,fb0,1.6693,0.900337
486,fb1,0.961816,1.33606
486,fb2,1.56652,1.77025
487,fb0,1.66883,0.899622
487,fb1,0.961847,1.33586
487,fb2,1.56689,1.76924
488,fb0,1.66837,0.898911
488,fb1,0.961879,1.33565
488,fb2,1.56726,1.76824
489,fb0,1.6679,0.898205
489,fb1,0.961911,1.33544
489,fb2,1.56762,1.76724
490,fb0,1.66742,0.897503
490,fb1,0.961945,1.33521
490,fb2,1.56799,1.76624
491,fb0,1.66695,0.896805
491,fb1,0.961978,1.33498
491,fb2,1.56835,1.76524
492,fb0,1.66647,0.89611
492,fb1,0.962013,1.33475
492,fb2,1.56871,1.76425
493,fb0,1.66599,0.89542
493,fb1,0.962047,1.3345
493,fb2,1.56907,1.76326
494,fb0,1.6655,0.894734
494,fb1,0.962082,1.33425
494,fb2,1.56943,1.76227
495,fb0,1.66502,0.894051
495,fb1,0.962117,1.334
495,fb2,1.56979,1.76128
496,fb0,1.66453,0.893373
496,fb1,0.962152,1.33373
496,fb2,1.57015,1.7603
497,fb0,1.66404,0.892698
497,fb1,0.962187,1.33347
497,fb2,1.57051,1.75931
498,fb0,1.66354,0.892027
498,fb1,0.962223,1.33319
498,fb2,1.57087,1.75833
499,fb0,1.66305,0.891359
499,fb1,0.962258,1.33291
499,fb2,1.57123,1.75736
500,fb0,1.66255,0.890696
500,fb1,0.962293,1.33263
500,fb2,1.57158,1.75638
501,fb0,1.66205,0.890036
501,fb1,0.962328,1.33234
501,fb2,1.57194,1.75541
502,fb0,1.66155,0.88938
502,fb1,0.962362,1.33204
502,fb2,1.57229,1.75444
503,fb0,1.66104,0.888727
503,fb1,0.962397,1.33175
503,fb2,1.57265,1.75347
504,fb0,1.66054,0.888078
504,fb1,0.96243,1.33144
504,fb2,1.573,1.7525
505,fb0,1.66003,0.887432
505,fb1,0.962464,1.33113
505,fb2,1.57335,1.75153
506,fb0,1.65952,0.88679
506,fb1,0.962497,1.33082
506,fb2,1.5737,1.75057
507,fb0,1.65901,0.886151
507,fb1,0.96253,1.3305
507,fb2,1.57405,1.74961
508,fb0,1.6585,0.885516
508,fb1,0.962561,1.33018
508,fb2,1.5744,1.74865
509,fb0,1.65798,0.884884
509,fb1,0.962593,1.32985
509,fb2,1.57475,1.74769
510,fb0,1.65746,0.884255
510,fb1,0.962623,1.32952
510,fb2,1.5751,1.74674
511,fb0,1.65695,0.88363
511,fb1,0.962653,1.32919
511,fb2,1.57545,1.74579
512,fb0,1.65643,0.883007
512,fb1,0.962682,1.32885
512,fb2,1.5758,1.74484
513,fb0,1.65591,0.882388
513,fb1,0.96271,1.32851
513,fb2,1.57614,1.74389
514,fb0,1.65538,0.881772
514,fb1,0.962738,1.32817
514,fb2,1.57649,1.74294
515,fb0,1.65486,0.881159
515,fb1,0.962764,1.32783
515,fb2,1.57683,1.742
516,fb0,1.65434,0.880549
516,fb1,0.96279,1.32748
516,fb2,1.57718,1.74105
517,fb0,1.65355,0.879638
517,fb1,0.962814,1.32712
517,fb2,1.57752,1.74011
518,fb0,1.65274,0.878682
518,fb1,0.962838,1.32677
518,fb2,1.57786,1.73917
519,fb0,1.65195,0.877712
519,fb1,0.96286,1.32641
519,fb2,1.5782,1.73823
520,fb0,1.65118,0.876728
520,fb1,0.962882,1.32605
520,fb2,1.57855,1.73729
521,fb0,1.65043,0.875731
521,fb1,0.962902,1.32569
521,fb2,1.57889,1.73636
522,fb0,1.64969,0.87472
522,fb1,0.962921,1.32533
522,fb2,1.57923,1.73542
523,fb0,1.64898,0.873696
523,fb1,0.962939,1.32496
523,fb2,1.57957,1.73448
524,fb0,1.64828,0.87266
524,fb1,0.962956,1.32459
524,fb2,1.57992,1.73354
525,fb0,1.6476,0.871611
525,fb1,0.962972,1.32422
525,fb2,1.58026,1.73261
526,fb0,1.64716,0.870912
526,fb1,0.962986,1.32385
526,fb2,1.5806,1.73167
527,fb0,1.64675,0.870255
527,fb1,0.962999,1.32348
527,fb2,1.58094,1.73074
528,fb0,1.64634,0.869599
528,fb1,0.963011,1.32311
528,fb2,1.58128,1.7298
529,fb0,1.64592,0.868947
529,fb1,0.963022,1.32273
529,fb2,1.58162,1.72887
530,fb0,1.64551,0.868297
530,fb1,0.963031,1.32235
530,fb2,1.58196,1.72794
531,fb0,1.64509,0.867649
531,fb1,0.96304,1.32197
531,fb2,1.5823,1.72701
532,fb0,1.64467,0.867004
532,fb1,0.963046,1.3216
532,fb2,1.58264,1.72608
533,fb0,1.64424,0.866362
533,fb1,0.963052,1.32122
533,fb2,1.58298,1.72516
534,fb0,1.64382,0.865722
534,fb1,0.963056,1.32083
534,fb2,1.58331,1.72423
535,fb0,1.64339,0.865084
535,fb1,0.963059,1.32045
535,fb2,1.58365,1.72331
536,fb0,1.64296,0.864449
536,fb1,0.963061,1.32007
536,fb2,1.58399,1.72239
537,fb0,1.64253,0.863816
537,fb1,0.963061,1.31969
537,fb2,1.58432,1.72147
538,fb0,1.6421,0.863186
538,fb1,0.96306,1.3193
538,fb2,1.58466,1.72055
539,fb0,1.64166,0.862557
539,fb1,0.963057,1.31892
539,fb2,1.58499,1.71963
540,fb0,1.64123,0.861931
540,fb1,0.963054,1.31854
540,fb2,1.58533,1.71871
541,fb0,1.64079,0.861307
541,fb1,0.963048,1.31815
541,fb2,1.58566,1.71779
542,fb0,1.64035,0.860685
542,fb1,0.963042,1.31777
542,fb2,1.586,1.71688
543,fb0,1.6399,0.860065
543,fb1,0.963034,1.31738
543,fb2,1.58633,1.71597
544,fb0,1.63946,0.859447
544,fb1,0.963025,1.317
544,fb2,1.58666,1.71506
545,fb0,1.63902,0.858831
545,fb1,0.963015,1.31662
545,fb2,1.58699,1.71415
546,fb0,1.63857,0.858217
546,fb1,0.963003,1.31623
546,fb2,1.58733,1.71324
547,fb0,1.63812,0.857605
547,fb1,0.96299,1.31585
547,fb2,1.58766,1.71233
548,fb0,1.63767,0.856995
548,fb1,0.962976,1.31547
548,fb2,1.58799,1.71142
549,fb0,1.63722,0.856387
549,fb1,0.962961,1.31508
549,fb2,1.58832,1.71052
550,fb0,1.63677,0.85578
550,fb1,0.962944,1.3147
550,fb2,1.58865,1.70962
551,fb0,1.63631,0.855176
551,fb1,0.962926,1.31432
551,fb2,1.58898,1.70871
552,fb0,1.63586,0.854573
552,fb1,0.962907,1.31394
552,fb2,1.5893,1.70781
553,fb0,1.6354,0.853971
553,fb1,0.962886,1.31356
553,fb2,1.58963,1.70691
554,fb0,1.63494,0.853372
554,fb1,0.962865,1.31318
554,fb2,1.58996,1.70601
555,fb0,1.63448,0.852774
555,fb1,0.962842,1.31281
555,fb2,1.59029,1.70512
556,fb0,1.63402,0.852177
556,fb1,0.962818,1.31243
556,fb2,1.59062,1.70422
557,fb0,1.63355,0.851582
557,fb1,0.962792,1.31205
557,fb2,1.59094,1.70333
558,fb0,1.63309,0.850989
558,fb1,0.962766,1.31168
558,fb2,1.59127,1.70243
559,fb0,1.63263,0.850397
559,fb1,0.962738,1.3113
559,fb2,1.59159,1.70154
560,fb0,1.63216,0.849807
560,fb1,0.96271,1.31093
560,fb2,1.59192,1.70065
561,fb0,1.63169,0.849218
561,fb1,0.96268,1.31056
561,fb2,1.59224,1.69976
562,fb0,1.63122,0.84863
562,fb1,0.962649,1.31019
562,fb2,1.59257,1.69888
563,fb0,1.63075,0.848043
563,fb1,0.962617,1.30982
563,fb2,1.59289,1.69799
564,fb0,1.63028,0.847458
564,fb1,0.962584,1.30945
564,fb2,1.59321,1.6971
565,fb0,1.62981,0.846874
565,fb1,0.96255,1.30909
565,fb2,1.59353,1.69622
566,fb0,1.62933,0.846291
566,fb1,0.962515,1.30872
566,fb2,1.59386,1.69534
567,fb0,1.62886,0.845709
567,fb1,0.962479,1.30836
567,fb2,1.59418,1.69446
568,fb0,1.62838,0.845128
568,fb1,0.962443,1.30799
568,fb2,1.5945,1.69358
569,fb0,1.62791,0.844549
569,fb1,0.962405,1.30763
569,fb2,1.59482,1.6927
570,fb0,1.62743,0.84397
570,fb1,0.962366,1.30728
570,fb2,1.59514,1.69182
571,fb0,1.62695,0.843392
571,fb1,0.962326,1.30692
571,fb2,1.59546,1.69094
572,fb0,1.62647,0.842815
572,fb1,0.962285,1.30656
572,fb2,1.59578,1.69007
573,fb0,1.62599,0.842239
573,fb1,0.962244,1.30621
573,fb2,1.5961,1.68919
574,fb0,1.62551,0.841664
574,fb1,0.962201,1.30586
574,fb2,1.59642,1.68832
575,fb0,1.62502,0.84109
575,fb1,0.962158,1.30551
575,fb2,1.59673,1.68745
576,fb0,1.62454,0.840516
576,fb1,0.962114,1.30516
576,fb2,1.59705,1.68658
577,fb0,1.62405,0.839943
577,fb1,0.962069,1.30481
577,fb2,1.59737,1.68571
578,fb0,1.62328,0.839028
578,fb1,0.962024,1.30446
578,fb2,1.59769,1.68485
579,fb0,1.62248,0.838064
579,fb1,0.961977,1.30412
579,fb2,1.598,1.68398
580,fb0,1.6217,0.837087
580,fb1,0.96193,1.30378
580,fb2,1.59832,1.68311
581,fb0,1.62094,0.836095
581,fb1,0.961882,1.30344
581,fb2,1.59864,1.68224
582,fb0,1.6202,0.83509
582,fb1,0.961834,1.3031
582,fb2,1.59895,1.68137
583,fb0,1.61947,0.834072
583,fb1,0.961785,1.30276
583,fb2,1.59927,1.6805
584,fb0,1.61876,0.833041
584,fb1,0.961735,1.30243
584,fb2,1.59959,1.67963
585,fb0,1.61808,0.831998
585,fb1,0.961684,1.3021
585,fb2,1.59991,1.67876
586,fb0,1.61741,0.830942
586,fb1,0.961633,1.30177
586,fb2,1.60022,1.67789
587,fb0,1.617,0.830279
587,fb1,0.961581,1.30144
587,fb2,1.60054,1.67701
588,fb0,1.61663,0.829661
588,fb1,0.961529,1.30111
588,fb2,1.60086,1.67614
589,fb0,1.61625,0.829043
589,fb1,0.961476,1.30078
589,fb2,1.60118,1.67527
590,fb0,1.61587,0.828426
590,fb1,0.961422,1.30046
590,fb2,1.6015,1.6744
591,fb0,1.61549,0.827809
591,fb1,0.961368,1.30014
591,fb2,1.60181,1.67353
592,fb0,1.61511,0.827193
592,fb1,0.961313,1.29982
592,fb2,1.60212,1.67266
593,fb0,1.61472,0.826578
593,fb1,0.961258,1.2995
593,fb2,1.60244,1.67179
594,fb0,1.61434,0.825963
594,fb1,0.961202,1.29918
594,fb2,1.60275,1.67092
595,fb0,1.61395,0.825349
595,fb1,0.961146,1.29887
595,fb2,1.60306,1.67005
596,fb0,1.61356,0.824735
596,fb1,0.961089,1.29856
596,fb2,1.60336,1.66918
597,fb0,1.61318,0.824122
597,fb1,0.961031,1.29824
597,fb2,1.60367,1.66831
598,fb0,1.61278,0.82351
598,fb1,0.960973,1.29793
598,fb2,1.60397,1.66745
599,fb0,1.61239,0.822897
599,fb1,0.960915,1.29763
599,fb2,1.60427,1.66658
600,fb0,1.612,0.822285
600,fb1,0.960856,1.29732
600,fb2,1.60457,1.66571
