1,fb0,1.77141,1.14741
1,fb1,1.91388,1.8722
1,fb2,1.44182,1.30005
2,fb0,1.77141,1.14741
2,fb1,1.91409,1.87245
2,fb2,1.43318,1.30217
3,fb0,1.77141,1.14741
3,fb1,1.91427,1.87267
3,fb2,1.42351,1.3047
4,fb0,1.77141,1.14741
4,fb1,1.9144,1.87282
4,fb2,1.41384,1.30725
5,fb0,1.77141,1.14741
5,fb1,1.91449,1.87293
5,fb2,1.40417,1.30981
6,fb0,1.77141,1.14741
6,fb1,1.91456,1.87301
6,fb2,1.3945,1.31236
7,fb0,1.77141,1.14741
7,fb1,1.91456,1.87302
7,fb2,1.38484,1.31492
8,fb0,1.77141,1.14741
8,fb1,1.91456,1.87302
8,fb2,1.37517,1.31748
9,fb0,1.77141,1.14741
9,fb1,1.91456,1.87302
9,fb2,1.3655,1.32003
10,fb0,1.77141,1.14741
10,fb1,1.91456,1.87302
10,fb2,1.35583,1.32259
11,fb0,1.77141,1.14741
11,fb1,1.91456,1.87302
11,fb2,1.34617,1.32515
12,fb0,1.77141,1.14741
12,fb1,1.91456,1.87302
12,fb2,1.3365,1.3277
13,fb0,1.77141,1.14741
13,fb1,1.91456,1.87302
13,fb2,1.32683,1.33026
14,fb0,1.76998,1.13863
14,fb1,1.91456,1.87302
14,fb2,1.31716,1.33281
15,fb0,1.7693,1.12866
15,fb1,1.91456,1.87302
15,fb2,1.30749,1.33537
16,fb0,1.76955,1.11867
16,fb1,1.91456,1.87302
16,fb2,1.29783,1.33793
17,fb0,1.77062,1.10873
17,fb1,1.91456,1.87302
17,fb2,1.2882,1.34062
18,fb0,1.77243,1.0989
18,fb1,1.91456,1.87302
18,fb2,1.27861,1.34348
19,fb0,1.77489,1.08921
19,fb1,1.91456,1.87302
19,fb2,1.26908,1.34651
20,fb0,1.77795,1.07969
20,fb1,1.91456,1.87302
20,fb2,1.25961,1.34972
21,fb0,1.78141,1.07066
21,fb1,1.91456,1.87302
21,fb2,1.25125,1.35274
22,fb0,1.78462,1.06336
22,fb1,1.9131,1.87321
22,fb2,1.2446,1.35528
23,fb0,1.78751,1.05736
23,fb1,1.91141,1.87339
23,fb2,1.23923,1.35743
24,fb0,1.79011,1.05228
24,fb1,1.90968,1.87355
24,fb2,1.23476,1.3593
25,fb0,1.79247,1.04787
25,fb1,1.90792,1.87367
25,fb2,1.23097,1.36094
26,fb0,1.79461,1.04396
26,fb1,1.90614,1.87377
26,fb2,1.22769,1.36241
27,fb0,1.79657,1.04046
27,fb1,1.90433,1.87383
27,fb2,1.22482,1.36374
28,fb0,1.79837,1.03727
28,fb1,1.90251,1.87386
28,fb2,1.22229,1.36494
29,fb0,1.80002,1.03433
29,fb1,1.89848,1.87386
29,fb2,1.22003,1.36604
30,fb0,1.80155,1.03161
30,fb1,1.8942,1.87369
30,fb2,1.218,1.36706
31,fb0,1.80298,1.02907
31,fb1,1.88993,1.87332
31,fb2,1.21616,1.368
32,fb0,1.80432,1.02668
32,fb1,1.88569,1.87276
32,fb2,1.21448,1.36888
33,fb0,1.80559,1.02443
33,fb1,1.88149,1.87203
33,fb2,1.21294,1.36971
34,fb0,1.80679,1.02229
34,fb1,1.87733,1.87112
34,fb2,1.21153,1.37048
35,fb0,1.80794,1.02025
35,fb1,1.87323,1.87005
35,fb2,1.21023,1.37121
36,fb0,1.80904,1.0183
36,fb1,1.86918,1.86884
36,fb2,1.20903,1.3719
37,fb0,1.81009,1.01642
37,fb1,1.8652,1.86748
37,fb2,1.20791,1.37255
38,fb0,1.81109,1.0146
38,fb1,1.86129,1.86598
38,fb2,1.20687,1.37316
39,fb0,1.81205,1.01284
39,fb1,1.85746,1.86437
39,fb2,1.20591,1.37374
40,fb0,1.81298,1.01112
40,fb1,1.8537,1.86264
40,fb2,1.20501,1.3743
41,fb0,1.81387,1.00944
41,fb1,1.85002,1.8608
41,fb2,1.20417,1.37482
42,fb0,1.81473,1.0078
42,fb1,1.84642,1.85886
42,fb2,1.20339,1.37531
43,fb0,1.81556,1.00618
43,fb1,1.84291,1.85684
43,fb2,1.20267,1.37578
44,fb0,1.81637,1.00459
44,fb1,1.83948,1.85473
44,fb2,1.20199,1.37622
45,fb0,1.81715,1.00301
45,fb1,1.83614,1.85255
45,fb2,1.20137,1.37664
46,fb0,1.81791,1.00145
46,fb1,1.83288,1.85031
46,fb2,1.20079,1.37702
47,fb0,1.81865,0.999908
47,fb1,1.82971,1.848
47,fb2,1.20025,1.37739
48,fb0,1.81937,0.998372
48,fb1,1.82663,1.84564
48,fb2,1.19977,1.37772
49,fb0,1.82007,0.996843
49,fb1,1.82364,1.84323
49,fb2,1.19932,1.37803
50,fb0,1.82075,0.995319
50,fb1,1.82073,1.84077
50,fb2,1.19892,1.37831
51,fb0,1.82141,0.993798
51,fb1,1.81791,1.83829
51,fb2,1.19856,1.37857
52,fb0,1.82206,0.992278
52,fb1,1.81518,1.83577
52,fb2,1.19824,1.37879
53,fb0,1.82269,0.990757
53,fb1,1.81252,1.83322
53,fb2,1.19796,1.37899
54,fb0,1.8233,0.989234
54,fb1,1.80996,1.83065
54,fb2,1.19772,1.37917
55,fb0,1.8239,0.987708
55,fb1,1.80747,1.82807
55,fb2,1.19752,1.37931
56,fb0,1.82448,0.986177
56,fb1,1.80507,1.82547
56,fb2,1.19735,1.37944
57,fb0,1.82505,0.984642
57,fb1,1.80274,1.82287
57,fb2,1.19721,1.37954
58,fb0,1.8256,0.9831
58,fb1,1.80049,1.82025
58,fb2,1.19709,1.37963
59,fb0,1.82614,0.981552
59,fb1,1.79833,1.81764
59,fb2,1.19696,1.37972
60,fb0,1.82666,0.979997
60,fb1,1.79623,1.81502
60,fb2,1.19682,1.37982
61,fb0,1.82716,0.978435
61,fb1,1.79421,1.81241
61,fb2,1.19665,1.37995
62,fb0,1.82765,0.976865
62,fb1,1.79226,1.8098
62,fb2,1.19645,1.38009
63,fb0,1.82812,0.975287
63,fb1,1.79039,1.8072
63,fb2,1.1962,1.38027
64,fb0,1.82858,0.973702
64,fb1,1.78858,1.8046
64,fb2,1.19591,1.38048
65,fb0,1.82902,0.972109
65,fb1,1.78683,1.80202
65,fb2,1.19558,1.38072
66,fb0,1.82944,0.970508
66,fb1,1.78516,1.79944
66,fb2,1.1952,1.38098
67,fb0,1.82985,0.968899
67,fb1,1.78354,1.79688
67,fb2,1.19476,1.38128
68,fb0,1.83024,0.967281
68,fb1,1.78199,1.79432
68,fb2,1.19428,1.38161
69,fb0,1.83061,0.965656
69,fb1,1.7805,1.79178
69,fb2,1.19375,1.38197
70,fb0,1.83096,0.964021
70,fb1,1.77906,1.78924
70,fb2,1.19317,1.38236
71,fb0,1.8313,0.962378
71,fb1,1.77768,1.78672
71,fb2,1.19253,1.38277
72,fb0,1.83161,0.960727
72,fb1,1.77636,1.78421
72,fb2,1.19184,1.38321
73,fb0,1.83191,0.959066
73,fb1,1.77508,1.78171
73,fb2,1.1911,1.38367
74,fb0,1.83219,0.957397
74,fb1,1.77386,1.77921
74,fb2,1.19031,1.38415
75,fb0,1.83245,0.955718
75,fb1,1.77269,1.77672
75,fb2,1.18946,1.38465
76,fb0,1.83269,0.954031
76,fb1,1.77157,1.77424
76,fb2,1.18856,1.38517
77,fb0,1.83291,0.952334
77,fb1,1.77049,1.77177
77,fb2,1.1876,1.38569
78,fb0,1.83311,0.950628
78,fb1,1.76946,1.7693
78,fb2,1.1866,1.38623
79,fb0,1.83329,0.948913
79,fb1,1.76847,1.76683
79,fb2,1.18554,1.38678
80,fb0,1.83345,0.947189
80,fb1,1.76753,1.76436
80,fb2,1.18443,1.38733
81,fb0,1.83359,0.945456
81,fb1,1.76663,1.76189
81,fb2,1.18327,1.38789
82,fb0,1.8337,0.943714
82,fb1,1.76577,1.75942
82,fb2,1.18206,1.38844
83,fb0,1.8338,0.941963
83,fb1,1.76495,1.75695
83,fb2,1.1808,1.38899
84,fb0,1.83387,0.940203
84,fb1,1.76417,1.75447
84,fb2,1.1795,1.38954
85,fb0,1.83392,0.938435
85,fb1,1.76343,1.75199
85,fb2,1.17816,1.39007
86,fb0,1.83394,0.936658
86,fb1,1.76273,1.7495
86,fb2,1.17677,1.3906
87,fb0,1.83394,0.934874
87,fb1,1.76207,1.74701
87,fb2,1.17535,1.39111
88,fb0,1.83392,0.933082
88,fb1,1.76145,1.7445
88,fb2,1.17389,1.3916
89,fb0,1.83388,0.931282
89,fb1,1.76087,1.742
89,fb2,1.17239,1.39208
90,fb0,1.83381,0.929475
90,fb1,1.76032,1.73948
90,fb2,1.17086,1.39254
91,fb0,1.83372,0.927662
91,fb1,1.75982,1.73695
91,fb2,1.16931,1.39297
92,fb0,1.8336,0.925842
92,fb1,1.75935,1.73442
92,fb2,1.16773,1.39338
93,fb0,1.83346,0.924016
93,fb1,1.75892,1.73188
93,fb2,1.16612,1.39377
94,fb0,1.83329,0.922184
94,fb1,1.75852,1.72933
94,fb2,1.1645,1.39413
95,fb0,1.8331,0.920347
95,fb1,1.75817,1.72677
95,fb2,1.16286,1.39446
96,fb0,1.83289,0.918505
96,fb1,1.75785,1.7242
96,fb2,1.1612,1.39476
97,fb0,1.83265,0.916659
97,fb1,1.75756,1.72163
97,fb2,1.15954,1.39504
98,fb0,1.83238,0.914809
98,fb1,1.75731,1.71905
98,fb2,1.15787,1.39529
99,fb0,1.83209,0.912955
99,fb1,1.7571,1.71646
99,fb2,1.15619,1.39551
100,fb0,1.83177,0.911098
100,fb1,1.75692,1.71387
100,fb2,1.15451,1.39569
101,fb0,1.83143,0.909238
101,fb1,1.75678,1.71127
101,fb2,1.15283,1.39586
102,fb0,1.83107,0.907376
102,fb1,1.75667,1.70867
102,fb2,1.15115,1.39599
103,fb0,1.83068,0.905512
103,fb1,1.75659,1.70607
103,fb2,1.14948,1.39609
104,fb0,1.83026,0.903648
104,fb1,1.75655,1.70346
104,fb2,1.14781,1.39617
105,fb0,1.82982,0.901782
105,fb1,1.75654,1.70085
105,fb2,1.14616,1.39622
106,fb0,1.82936,0.899916
106,fb1,1.75656,1.69824
106,fb2,1.14451,1.39624
107,fb0,1.82887,0.898051
107,fb1,1.7566,1.69563
107,fb2,1.14288,1.39624
108,fb0,1.82836,0.896186
108,fb1,1.75668,1.69302
108,fb2,1.14126,1.39621
109,fb0,1.82782,0.894322
109,fb1,1.75678,1.69041
109,fb2,1.13966,1.39616
110,fb0,1.82727,0.892459
110,fb1,1.75692,1.6878
110,fb2,1.13808,1.39608
111,fb0,1.82669,0.890598
111,fb1,1.75707,1.6852
111,fb2,1.13651,1.39599
112,fb0,1.82608,0.888738
112,fb1,1.75725,1.68259
112,fb2,1.13497,1.39587
113,fb0,1.82546,0.886881
113,fb1,1.75746,1.67999
113,fb2,1.13344,1.39574
114,fb0,1.82481,0.885027
114,fb1,1.75769,1.67739
114,fb2,1.13194,1.39558
115,fb0,1.82414,0.883174
115,fb1,1.75794,1.67479
115,fb2,1.13045,1.39541
116,fb0,1.82345,0.881325
116,fb1,1.75821,1.6722
116,fb2,1.12899,1.39522
117,fb0,1.82274,0.879479
117,fb1,1.7585,1.66961
117,fb2,1.12755,1.39501
118,fb0,1.822,0.877636
118,fb1,1.75881,1.66703
118,fb2,1.12614,1.39479
119,fb0,1.82125,0.875796
119,fb1,1.75913,1.66445
119,fb2,1.12474,1.39455
120,fb0,1.82048,0.87396
120,fb1,1.75948,1.66187
120,fb2,1.12337,1.3943
121,fb0,1.81968,0.872127
121,fb1,1.75983,1.6593
121,fb2,1.12202,1.39404
122,fb0,1.81887,0.870298
122,fb1,1.76021,1.65673
122,fb2,1.1207,1.39376
123,fb0,1.81804,0.868473
123,fb1,1.76059,1.65417
123,fb2,1.11939,1.39347
124,fb0,1.81719,0.866652
124,fb1,1.76099,1.65161
124,fb2,1.11811,1.39318
125,fb0,1.81632,0.864834
125,fb1,1.7614,1.64906
125,fb2,1.11685,1.39287
126,fb0,1.81543,0.863021
126,fb1,1.76182,1.64651
126,fb2,1.11561,1.39255
127,fb0,1.81453,0.861212
127,fb1,1.76225,1.64396
127,fb2,1.1144,1.39222
128,fb0,1.81361,0.859407
128,fb1,1.76267,1.64142
128,fb2,1.1132,1.39189
129,fb0,1.81267,0.857606
129,fb1,1.76309,1.63888
129,fb2,1.11202,1.39154
130,fb0,1.81172,0.855809
130,fb1,1.76351,1.63635
130,fb2,1.11087,1.39119
131,fb0,1.81075,0.854016
131,fb1,1.76393,1.63381
131,fb2,1.10973,1.39083
132,fb0,1.80976,0.852228
132,fb1,1.76435,1.63128
132,fb2,1.10861,1.39046
133,fb0,1.80876,0.850443
133,fb1,1.76477,1.62876
133,fb2,1.10751,1.39008
134,fb0,1.80774,0.848662
134,fb1,1.76519,1.62624
134,fb2,1.10642,1.3897
135,fb0,1.80671,0.846885
135,fb1,1.76561,1.62372
135,fb2,1.10536,1.38931
136,fb0,1.80566,0.845111
136,fb1,1.76603,1.62121
136,fb2,1.1043,1.38892
137,fb0,1.8046,0.843342
137,fb1,1.76644,1.6187
137,fb2,1.10327,1.38851
138,fb0,1.80353,0.841575
138,fb1,1.76686,1.6162
138,fb2,1.10225,1.38811
139,fb0,1.80244,0.839812
139,fb1,1.76728,1.6137
139,fb2,1.10124,1.38769
140,fb0,1.80133,0.838052
140,fb1,1.76769,1.61121
140,fb2,1.10025,1.38727
141,fb0,1.80022,0.836296
141,fb1,1.7681,1.60872
141,fb2,1.09927,1.38684
142,fb0,1.79909,0.834542
142,fb1,1.76852,1.60623
142,fb2,1.0983,1.38641
143,fb0,1.79795,0.832791
143,fb1,1.76893,1.60375
143,fb2,1.09735,1.38597
144,fb0,1.79679,0.831043
144,fb1,1.76934,1.60128
144,fb2,1.09641,1.38553
145,fb0,1.79563,0.829297
145,fb1,1.76975,1.59881
145,fb2,1.09548,1.38508
146,fb0,1.79445,0.827554
146,fb1,1.77016,1.59634
146,fb2,1.09457,1.38462
147,fb0,1.79326,0.825813
147,fb1,1.77057,1.59388
147,fb2,1.09366,1.38416
148,fb0,1.79206,0.824074
148,fb1,1.77098,1.59143
148,fb2,1.09276,1.38369
149,fb0,1.79085,0.822337
149,fb1,1.77138,1.58898
149,fb2,1.09188,1.38321
150,fb0,1.78963,0.820602
150,fb1,1.77179,1.58653
150,fb2,1.091,1.38273
151,fb0,1.78839,0.818868
151,fb1,1.7722,1.58409
151,fb2,1.09014,1.38225
152,fb0,1.78715,0.817136
152,fb1,1.7726,1.58166
152,fb2,1.08928,1.38176
153,fb0,1.78594,0.815471
153,fb1,1.773,1.57923
153,fb2,1.08787,1.38092
154,fb0,1.78473,0.813794
154,fb1,1.77341,1.57681
154,fb2,1.08645,1.38009
155,fb0,1.78352,0.812092
155,fb1,1.77381,1.57439
155,fb2,1.08509,1.3793
156,fb0,1.78231,0.810367
156,fb1,1.77421,1.57197
156,fb2,1.08379,1.37854
157,fb0,1.7811,0.808618
157,fb1,1.77461,1.56956
157,fb2,1.08254,1.37783
158,fb0,1.77988,0.806847
158,fb1,1.77501,1.56714
158,fb2,1.08133,1.37714
159,fb0,1.77866,0.805053
159,fb1,1.77541,1.56473
159,fb2,1.08018,1.37649
160,fb0,1.77744,0.803236
160,fb1,1.77581,1.56232
160,fb2,1.07907,1.37587
161,fb0,1.77622,0.801398
161,fb1,1.77621,1.55992
161,fb2,1.078,1.37527
162,fb0,1.77501,0.799539
162,fb1,1.77661,1.55751
162,fb2,1.07697,1.3747
163,fb0,1.77379,0.797659
163,fb1,1.77701,1.55511
163,fb2,1.07598,1.37416
164,fb0,1.77258,0.795759
164,fb1,1.77741,1.55271
164,fb2,1.07503,1.37364
165,fb0,1.77137,0.79384
165,fb1,1.77781,1.55031
165,fb2,1.07411,1.37314
166,fb0,1.77016,0.791901
166,fb1,1.7782,1.54791
166,fb2,1.07322,1.37266
167,fb0,1.76895,0.789944
167,fb1,1.77858,1.54551
167,fb2,1.07236,1.3722
168,fb0,1.76775,0.787969
168,fb1,1.77895,1.54311
168,fb2,1.07154,1.37176
169,fb0,1.76655,0.785976
169,fb1,1.77931,1.54071
169,fb2,1.07074,1.37133
170,fb0,1.76536,0.783967
170,fb1,1.77966,1.53831
170,fb2,1.06997,1.37092
171,fb0,1.76417,0.781941
171,fb1,1.78001,1.53591
171,fb2,1.06922,1.37053
172,fb0,1.76299,0.779899
172,fb1,1.78034,1.5335
172,fb2,1.0685,1.37015
173,fb0,1.76181,0.777842
173,fb1,1.78066,1.5311
173,fb2,1.0678,1.36978
174,fb0,1.76064,0.775769
174,fb1,1.78096,1.5287
174,fb2,1.06712,1.36943
175,fb0,1.75947,0.773683
175,fb1,1.78126,1.52629
175,fb2,1.06646,1.36909
176,fb0,1.75831,0.771582
176,fb1,1.78155,1.52389
176,fb2,1.06582,1.36876
177,fb0,1.75715,0.769468
177,fb1,1.78183,1.52148
177,fb2,1.06519,1.36844
178,fb0,1.75601,0.767342
178,fb1,1.7821,1.51908
178,fb2,1.06459,1.36813
179,fb0,1.75486,0.765203
179,fb1,1.78235,1.51667
179,fb2,1.064,1.36783
180,fb0,1.75373,0.763052
180,fb1,1.7826,1.51426
180,fb2,1.06342,1.36754
181,fb0,1.7526,0.760889
181,fb1,1.78283,1.51185
181,fb2,1.06286,1.36725
182,fb0,1.75148,0.758715
182,fb1,1.78306,1.50944
182,fb2,1.06231,1.36698
183,fb0,1.75037,0.756531
183,fb1,1.78327,1.50703
183,fb2,1.06178,1.36671
184,fb0,1.74926,0.754337
184,fb1,1.78348,1.50462
184,fb2,1.06125,1.36645
185,fb0,1.74816,0.752133
185,fb1,1.78367,1.50221
185,fb2,1.06074,1.3662
186,fb0,1.74707,0.74992
186,fb1,1.78386,1.4998
186,fb2,1.06024,1.36595
187,fb0,1.74599,0.747698
187,fb1,1.78403,1.49738
187,fb2,1.05975,1.3657
188,fb0,1.74491,0.745467
188,fb1,1.7842,1.49497
188,fb2,1.05927,1.36547
189,fb0,1.74384,0.743229
189,fb1,1.78435,1.49256
189,fb2,1.0588,1.36524
190,fb0,1.74278,0.740982
190,fb1,1.78449,1.49014
190,fb2,1.05833,1.36501
191,fb0,1.74172,0.738728
191,fb1,1.78463,1.48772
191,fb2,1.05788,1.36479
192,fb0,1.74067,0.73647
192,fb1,1.78476,1.48531
192,fb2,1.05743,1.36457
193,fb0,1.73961,0.734209
193,fb1,1.78487,1.48289
193,fb2,1.05699,1.36436
194,fb0,1.73856,0.731946
194,fb1,1.78498,1.48047
194,fb2,1.05656,1.36415
195,fb0,1.7375,0.72968
195,fb1,1.78508,1.47805
195,fb2,1.05613,1.36394
196,fb0,1.73644,0.727411
196,fb1,1.78519,1.47563
196,fb2,1.05571,1.36374
197,fb0,1.73538,0.72514
197,fb1,1.78528,1.47321
197,fb2,1.05529,1.36354
198,fb0,1.73432,0.722867
198,fb1,1.78538,1.47079
198,fb2,1.05489,1.36335
199,fb0,1.73325,0.720591
199,fb1,1.78547,1.46837
199,fb2,1.05448,1.36316
200,fb0,1.73219,0.718313
200,fb1,1.78555,1.46595
200,fb2,1.05409,1.36297
201,fb0,1.73113,0.716033
201,fb1,1.78564,1.46352
201,fb2,1.0537,1.36279
202,fb0,1.73007,0.713748
202,fb1,1.78572,1.4611
202,fb2,1.05331,1.3626
203,fb0,1.72901,0.711461
203,fb1,1.7858,1.45868
203,fb2,1.05293,1.36243
204,fb0,1.72795,0.709172
204,fb1,1.78586,1.45625
204,fb2,1.05256,1.36225
205,fb0,1.72689,0.706881
205,fb1,1.78593,1.45383
205,fb2,1.05219,1.36208
206,fb0,1.72583,0.704589
206,fb1,1.786,1.4514
206,fb2,1.05183,1.36191
207,fb0,1.72477,0.702295
207,fb1,1.78606,1.44898
207,fb2,1.05147,1.36175
208,fb0,1.72371,0.7
208,fb1,1.78612,1.44655
208,fb2,1.05112,1.36158
209,fb0,1.72265,0.697704
209,fb1,1.78618,1.44412
209,fb2,1.05077,1.36142
210,fb0,1.72159,0.695406
210,fb1,1.78623,1.4417
210,fb2,1.05043,1.36127
211,fb0,1.72053,0.693108
211,fb1,1.78628,1.43927
211,fb2,1.05009,1.36111
212,fb0,1.71947,0.690808
212,fb1,1.78632,1.43684
212,fb2,1.04976,1.36096
213,fb0,1.7184,0.688507
213,fb1,1.78637,1.43441
213,fb2,1.04943,1.36081
214,fb0,1.71734,0.686206
214,fb1,1.78641,1.43198
214,fb2,1.04911,1.36066
215,fb0,1.71627,0.683903
215,fb1,1.78645,1.42954
215,fb2,1.04879,1.36052
216,fb0,1.71521,0.6816
216,fb1,1.78648,1.42711
216,fb2,1.04848,1.36038
217,fb0,1.71415,0.679296
217,fb1,1.78652,1.42468
217,fb2,1.04817,1.36024
218,fb0,1.71308,0.676991
218,fb1,1.78655,1.42225
218,fb2,1.04787,1.3601
219,fb0,1.71202,0.674682
219,fb1,1.78658,1.41981
219,fb2,1.04757,1.35997
220,fb0,1.71097,0.672371
220,fb1,1.7866,1.41738
220,fb2,1.04728,1.35984
221,fb0,1.70991,0.67006
221,fb1,1.78662,1.41494
221,fb2,1.04699,1.35971
222,fb0,1.70885,0.667749
222,fb1,1.78664,1.4125
222,fb2,1.0467,1.35958
223,fb0,1.7078,0.665436
223,fb1,1.78665,1.41006
223,fb2,1.04642,1.35946
224,fb0,1.70674,0.663124
224,fb1,1.78666,1.40762
224,fb2,1.04615,1.35934
225,fb0,1.70568,0.660811
225,fb1,1.78668,1.40519
225,fb2,1.04588,1.35922
226,fb0,1.70462,0.658498
226,fb1,1.78669,1.40274
226,fb2,1.04561,1.3591
227,fb0,1.70356,0.656184
227,fb1,1.78669,1.4003
227,fb2,1.04535,1.35899
228,fb0,1.70251,0.65387
228,fb1,1.78669,1.39786
228,fb2,1.04509,1.35888
229,fb0,1.70145,0.651556
229,fb1,1.78669,1.39542
229,fb2,1.04484,1.35877
230,fb0,1.70039,0.649242
230,fb1,1.78669,1.39517
230,fb2,1.0446,1.35866
231,fb0,1.69936,0.64699
231,fb1,1.78669,1.39517
231,fb2,1.04436,1.35855
232,fb0,1.69836,0.644811
232,fb1,1.78673,1.39506
232,fb2,1.04413,1.35845
233,fb0,1.6974,0.642699
233,fb1,1.78676,1.39493
233,fb2,1.0439,1.35836
234,fb0,1.69646,0.64065
234,fb1,1.78681,1.39478
234,fb2,1.04369,1.35827
235,fb0,1.69555,0.638658
235,fb1,1.78686,1.39461
235,fb2,1.04349,1.35818
236,fb0,1.69467,0.636721
236,fb1,1.78691,1.39442
236,fb2,1.04329,1.3581
237,fb0,1.6938,0.634835
237,fb1,1.78698,1.39421
237,fb2,1.04311,1.35802
238,fb0,1.69296,0.632997
238,fb1,1.78704,1.39397
238,fb2,1.04293,1.35794
239,fb0,1.69214,0.631204
239,fb1,1.78712,1.39371
239,fb2,1.04276,1.35787
240,fb0,1.69134,0.629454
240,fb1,1.7872,1.39344
240,fb2,1.0426,1.3578
241,fb0,1.69056,0.627743
241,fb1,1.78729,1.39314
241,fb2,1.04244,1.35773
242,fb0,1.6898,0.62607
242,fb1,1.78738,1.39282
242,fb2,1.0423,1.35767
243,fb0,1.68905,0.624433
243,fb1,1.78748,1.39249
243,fb2,1.04216,1.35761
244,fb0,1.68831,0.62283
244,fb1,1.78758,1.39213
244,fb2,1.04203,1.35756
245,fb0,1.6876,0.621258
245,fb1,1.78769,1.39177
245,fb2,1.04191,1.35751
246,fb0,1.68689,0.619717
246,fb1,1.7878,1.39138
246,fb2,1.04179,1.35746
247,fb0,1.6862,0.618205
247,fb1,1.78792,1.39098
247,fb2,1.04168,1.35741
248,fb0,1.68552,0.616719
248,fb1,1.78804,1.39056
248,fb2,1.04158,1.35737
249,fb0,1.68485,0.61526
249,fb1,1.78816,1.39013
249,fb2,1.04149,1.35733
250,fb0,1.6842,0.613825
250,fb1,1.78829,1.38969
250,fb2,1.0414,1.35729
251,fb0,1.68355,0.612414
251,fb1,1.78842,1.38923
251,fb2,1.04132,1.35726
252,fb0,1.68292,0.611025
252,fb1,1.78855,1.38877
252,fb2,1.04125,1.35723
253,fb0,1.68229,0.609657
253,fb1,1.78869,1.38829
253,fb2,1.04118,1.3572
254,fb0,1.68167,0.60831
254,fb1,1.78882,1.38779
254,fb2,1.04112,1.35717
255,fb0,1.68107,0.606983
255,fb1,1.78896,1.38729
255,fb2,1.04106,1.35715
256,fb0,1.68047,0.605674
256,fb1,1.78911,1.38678
256,fb2,1.04101,1.35713
257,fb0,1.67988,0.604383
257,fb1,1.78925,1.38625
257,fb2,1.04097,1.35711
258,fb0,1.6793,0.603109
258,fb1,1.78939,1.38572
258,fb2,1.04093,1.35709
259,fb0,1.67872,0.601852
259,fb1,1.78954,1.38518
259,fb2,1.04089,1.35708
260,fb0,1.67815,0.60061
260,fb1,1.78969,1.38462
260,fb2,1.04087,1.35707
261,fb0,1.67759,0.599383
261,fb1,1.78984,1.38406
261,fb2,1.04084,1.35706
262,fb0,1.67704,0.598171
262,fb1,1.78999,1.38349
262,fb2,1.04083,1.35705
263,fb0,1.67649,0.596973
263,fb1,1.79014,1.38292
263,fb2,1.04081,1.35704
264,fb0,1.67595,0.595789
264,fb1,1.79029,1.38233
264,fb2,1.04081,1.35704
265,fb0,1.67541,0.594617
265,fb1,1.79045,1.38174
265,fb2,1.0408,1.35704
266,fb0,1.67488,0.593457
266,fb1,1.7906,1.38114
266,fb2,1.0408,1.35704
267,fb0,1.67436,0.59231
267,fb1,1.79075,1.38053
267,fb2,1.0408,1.35704
268,fb0,1.67384,0.591174
268,fb1,1.79091,1.37991
268,fb2,1.0408,1.35704
269,fb0,1.67332,0.590049
269,fb1,1.79106,1.37929
269,fb2,1.0408,1.35704
270,fb0,1.67282,0.588935
270,fb1,1.79122,1.37866
270,fb2,1.0408,1.35704
271,fb0,1.67231,0.587831
271,fb1,1.79137,1.37803
271,fb2,1.0408,1.35704
272,fb0,1.67181,0.586737
272,fb1,1.79152,1.37739
272,fb2,1.0408,1.35704
273,fb0,1.67131,0.585653
273,fb1,1.79168,1.37674
273,fb2,1.0408,1.35704
274,fb0,1.67082,0.584578
274,fb1,1.79183,1.37609
274,fb2,1.0408,1.35704
275,fb0,1.67034,0.583512
275,fb1,1.79198,1.37543
275,fb2,1.0408,1.35704
276,fb0,1.66985,0.582454
276,fb1,1.79214,1.37477
276,fb2,1.0408,1.35704
277,fb0,1.66937,0.581405
277,fb1,1.79229,1.3741
277,fb2,1.04082,1.35699
278,fb0,1.6689,0.580364
278,fb1,1.79244,1.37342
278,fb2,1.04084,1.35694
279,fb0,1.66842,0.579331
279,fb1,1.79259,1.37274
279,fb2,1.04087,1.35688
280,fb0,1.66796,0.578305
280,fb1,1.79274,1.37206
280,fb2,1.04089,1.35682
281,fb0,1.66749,0.577287
281,fb1,1.79289,1.37137
281,fb2,1.04092,1.35676
282,fb0,1.66703,0.576275
282,fb1,1.79304,1.37068
282,fb2,1.04095,1.35669
283,fb0,1.66657,0.575271
283,fb1,1.79318,1.36998
283,fb2,1.04098,1.35662
284,fb0,1.66611,0.574273
284,fb1,1.79333,1.36928
284,fb2,1.04101,1.35654
285,fb0,1.66566,0.573281
285,fb1,1.79348,1.36857
285,fb2,1.04104,1.35647
286,fb0,1.66521,0.572296
286,fb1,1.79362,1.36786
286,fb2,1.04108,1.35639
287,fb0,1.66476,0.571317
287,fb1,1.79376,1.36715
287,fb2,1.04111,1.3563
288,fb0,1.66431,0.570343
288,fb1,1.7939,1.36643
288,fb2,1.04115,1.35621
289,fb0,1.66387,0.569376
289,fb1,1.79404,1.36571
289,fb2,1.04119,1.35612
290,fb0,1.66343,0.568413
290,fb1,1.79418,1.36498
290,fb2,1.04123,1.35603
291,fb0,1.66299,0.567456
291,fb1,1.79432,1.36425
291,fb2,1.04127,1.35593
292,fb0,1.66256,0.566504
292,fb1,1.79445,1.36352
292,fb2,1.04132,1.35584
293,fb0,1.66213,0.565557
293,fb1,1.79459,1.36279
293,fb2,1.04136,1.35573
294,fb0,1.6617,0.564615
294,fb1,1.79472,1.36205
294,fb2,1.04141,1.35563
295,fb0,1.66127,0.563678
295,fb1,1.79485,1.3613
295,fb2,1.04145,1.35552
296,fb0,1.66084,0.562745
296,fb1,1.79498,1.36056
296,fb2,1.0415,1.35542
297,fb0,1.66042,0.561817
297,fb1,1.79511,1.35981
297,fb2,1.04155,1.3553
298,fb0,1.65999,0.560893
298,fb1,1.79523,1.35906
298,fb2,1.0416,1.35519
299,fb0,1.65957,0.559973
299,fb1,1.79535,1.3583
299,fb2,1.04165,1.35508
300,fb0,1.65915,0.559057
300,fb1,1.79548,1.35755
300,fb2,1.0417,1.35496
301,fb0,1.65874,0.558145
301,fb1,1.7956,1.35679
301,fb2,1.04176,1.35484
302,fb0,1.65832,0.557236
302,fb1,1.79572,1.35603
302,fb2,1.04181,1.35472
303,fb0,1.65791,0.556332
303,fb1,1.79583,1.35526
303,fb2,1.04187,1.35459
304,fb0,1.6575,0.555431
304,fb1,1.79595,1.35449
304,fb2,1.04192,1.35447
305,fb0,1.65709,0.554533
305,fb1,1.79606,1.35372
305,fb2,1.04198,1.35434
306,fb0,1.65668,0.553639
306,fb1,1.79617,1.35295
306,fb2,1.04204,1.35421
307,fb0,1.65627,0.552748
307,fb1,1.79628,1.35218
307,fb2,1.0421,1.35408
308,fb0,1.65586,0.551861
308,fb1,1.79639,1.3514
308,fb2,1.04216,1.35395
309,fb0,1.65546,0.550976
309,fb1,1.79649,1.35062
309,fb2,1.04222,1.35382
310,fb0,1.65506,0.550095
310,fb1,1.79659,1.34984
310,fb2,1.04228,1.35368
311,fb0,1.65465,0.549216
311,fb1,1.7967,1.34906
311,fb2,1.04235,1.35355
312,fb0,1.65425,0.54834
312,fb1,1.79679,1.34828
312,fb2,1.04241,1.35341
313,fb0,1.65385,0.547467
313,fb1,1.79689,1.34749
313,fb2,1.04248,1.35327
314,fb0,1.65346,0.546597
314,fb1,1.79699,1.3467
314,fb2,1.04254,1.35313
315,fb0,1.65306,0.545729
315,fb1,1.79708,1.34591
315,fb2,1.04261,1.35299
316,fb0,1.65266,0.544864
316,fb1,1.79717,1.34512
316,fb2,1.04267,1.35285
317,fb0,1.65227,0.544002
317,fb1,1.79726,1.34433
317,fb2,1.04274,1.35271
318,fb0,1.65188,0.543141
318,fb1,1.79735,1.34353
318,fb2,1.04281,1.35257
319,fb0,1.65148,0.542283
319,fb1,1.79743,1.34274
319,fb2,1.04288,1.35243
320,fb0,1.65109,0.541428
320,fb1,1.79751,1.34194
320,fb2,1.04295,1.35228
321,fb0,1.6507,0.540574
321,fb1,1.79759,1.34114
321,fb2,1.04302,1.35214
322,fb0,1.65031,0.539723
322,fb1,1.79767,1.34034
322,fb2,1.04309,1.35199
323,fb0,1.64993,0.538874
323,fb1,1.79775,1.33954
323,fb2,1.04316,1.35185
324,fb0,1.64954,0.538026
324,fb1,1.79782,1.33873
324,fb2,1.04323,1.3517
325,fb0,1.64915,0.537181
325,fb1,1.79789,1.33793
325,fb2,1.0433,1.35156
326,fb0,1.64877,0.536338
326,fb1,1.79796,1.33712
326,fb2,1.04337,1.35141
327,fb0,1.64838,0.535496
327,fb1,1.79803,1.33632
327,fb2,1.04345,1.35127
328,fb0,1.648,0.534657
328,fb1,1.7981,1.33551
328,fb2,1.04352,1.35112
329,fb0,1.64761,0.533819
329,fb1,1.79816,1.3347
329,fb2,1.04359,1.35097
330,fb0,1.64723,0.532983
330,fb1,1.79822,1.33389
330,fb2,1.04367,1.35083
331,fb0,1.64685,0.532148
331,fb1,1.79828,1.33308
331,fb2,1.04374,1.35068
332,fb0,1.64647,0.531315
332,fb1,1.79834,1.33227
332,fb2,1.04381,1.35053
333,fb0,1.64609,0.530484
333,fb1,1.79839,1.33145
333,fb2,1.04389,1.35039
334,fb0,1.64571,0.529654
334,fb1,1.79845,1.33064
334,fb2,1.04396,1.35024
335,fb0,1.64533,0.528826
335,fb1,1.7985,1.32983
335,fb2,1.04404,1.3501
336,fb0,1.64495,0.528
336,fb1,1.79855,1.32901
336,fb2,1.04411,1.34995
337,fb0,1.64458,0.527174
337,fb1,1.79859,1.32819
337,fb2,1.04419,1.34981
338,fb0,1.6442,0.52635
338,fb1,1.79864,1.32738
338,fb2,1.04426,1.34966
339,fb0,1.64382,0.525528
339,fb1,1.79868,1.32656
339,fb2,1.04434,1.34952
340,fb0,1.64345,0.524706
340,fb1,1.79872,1.32574
340,fb2,1.04441,1.34937
341,fb0,1.64307,0.523886
341,fb1,1.79876,1.32492
341,fb2,1.04449,1.34923
342,fb0,1.6427,0.523068
342,fb1,1.79879,1.3241
342,fb2,1.04456,1.34909
343,fb0,1.64232,0.52225
343,fb1,1.79883,1.32328
343,fb2,1.04464,1.34895
344,fb0,1.64195,0.521434
344,fb1,1.79886,1.32246
344,fb2,1.04471,1.3488
345,fb0,1.64158,0.520619
345,fb1,1.79889,1.32164
345,fb2,1.04479,1.34866
346,fb0,1.64121,0.519805
346,fb1,1.79892,1.32082
346,fb2,1.04486,1.34852
347,fb0,1.64083,0.518992
347,fb1,1.79895,1.32
347,fb2,1.04494,1.34838
348,fb0,1.64046,0.51818
348,fb1,1.79897,1.31917
348,fb2,1.04501,1.34825
349,fb0,1.64009,0.517369
349,fb1,1.79899,1.31835
349,fb2,1.04509,1.34811
350,fb0,1.63972,0.516559
350,fb1,1.79902,1.31753
350,fb2,1.04516,1.34797
351,fb0,1.63935,0.51575
351,fb1,1.79903,1.3167
351,fb2,1.04524,1.34784
352,fb0,1.63898,0.514942
352,fb1,1.79905,1.31588
352,fb2,1.04531,1.3477
353,fb0,1.63861,0.514135
353,fb1,1.79907,1.31506
353,fb2,1.04538,1.34757
354,fb0,1.63825,0.513329
354,fb1,1.79908,1.31423
354,fb2,1.04546,1.34743
355,fb0,1.63788,0.512524
355,fb1,1.79909,1.31341
355,fb2,1.04553,1.3473
356,fb0,1.63751,0.51172
356,fb1,1.7991,1.31258
356,fb2,1.0456,1.34717
357,fb0,1.63714,0.510916
357,fb1,1.79911,1.31175
357,fb2,1.04567,1.34704
358,fb0,1.63678,0.510114
358,fb1,1.79911,1.31093
358,fb2,1.04575,1.34691
359,fb0,1.63641,0.509312
359,fb1,1.79912,1.3101
359,fb2,1.04582,1.34678
360,fb0,1.63604,0.508511
360,fb1,1.79912,1.30928
360,fb2,1.04589,1.34666
361,fb0,1.63568,0.507711
361,fb1,1.79912,1.30845
361,fb2,1.04596,1.34653
362,fb0,1.63531,0.506911
362,fb1,1.79912,1.30762
362,fb2,1.04603,1.34641
363,fb0,1.63495,0.506113
363,fb1,1.79911,1.30679
363,fb2,1.0461,1.34628
364,fb0,1.63458,0.505315
364,fb1,1.79911,1.30597
364,fb2,1.04617,1.34616
365,fb0,1.63422,0.504517
365,fb1,1.7991,1.30514
365,fb2,1.04624,1.34604
366,fb0,1.63385,0.503721
366,fb1,1.79909,1.30431
366,fb2,1.04631,1.34592
367,fb0,1.63349,0.502925
367,fb1,1.79908,1.30349
367,fb2,1.04637,1.3458
368,fb0,1.63312,0.50213
368,fb1,1.79907,1.30266
368,fb2,1.04644,1.34568
369,fb0,1.63276,0.501335
369,fb1,1.79906,1.30183
369,fb2,1.04651,1.34557
370,fb0,1.6324,0.500541
370,fb1,1.79904,1.301
370,fb2,1.04658,1.34545
371,fb0,1.63204,0.499747
371,fb1,1.79902,1.30017
371,fb2,1.04664,1.34534
372,fb0,1.63167,0.498955
372,fb1,1.799,1.29935
372,fb2,1.04671,1.34523
373,fb0,1.63131,0.498162
373,fb1,1.79898,1.29852
373,fb2,1.04677,1.34512
374,fb0,1.63095,0.497371
374,fb1,1.79896,1.29769
374,fb2,1.04684,1.34501
375,fb0,1.63059,0.496579
375,fb1,1.79894,1.29686
375,fb2,1.0469,1.3449
376,fb0,1.63023,0.495789
376,fb1,1.79891,1.29603
376,fb2,1.04696,1.34479
377,fb0,1.62986,0.494999
377,fb1,1.79889,1.29521
377,fb2,1.04702,1.34468
378,fb0,1.6295,0.494209
378,fb1,1.79886,1.29438
378,fb2,1.04709,1.34458
379,fb0,1.62914,0.49342
379,fb1,1.79883,1.29355
379,fb2,1.04715,1.34448
380,fb0,1.62878,0.492632
380,fb1,1.7988,1.29272
380,fb2,1.04721,1.34437
381,fb0,1.62842,0.491844
381,fb1,1.79876,1.29189
381,fb2,1.04727,1.34427
382,fb0,1.62806,0.491056
382,fb1,1.79873,1.29107
382,fb2,1.04733,1.34417
383,fb0,1.6277,0.490269
383,fb1,1.79869,1.29024
383,fb2,1.04739,1.34407
384,fb0,1.62734,0.489482
384,fb1,1.79866,1.28941
384,fb2,1.04744,1.34398
385,fb0,1.62698,0.488696
385,fb1,1.79862,1.28858
385,fb2,1.0475,1.34388
386,fb0,1.62662,0.48791
386,fb1,1.79858,1.28775
386,fb2,1.04756,1.34379
387,fb0,1.62626,0.487125
387,fb1,1.79854,1.28693
387,fb2,1.04761,1.34369
388,fb0,1.6259,0.48634
388,fb1,1.79849,1.2861
388,fb2,1.04767,1.3436
389,fb0,1.62555,0.485555
389,fb1,1.79845,1.28527
389,fb2,1.04772,1.34351
390,fb0,1.62519,0.484771
390,fb1,1.7984,1.28444
390,fb2,1.04778,1.34342
391,fb0,1.62483,0.483987
391,fb1,1.79835,1.28362
391,fb2,1.04783,1.34334
392,fb0,1.62447,0.483204
392,fb1,1.79831,1.28279
392,fb2,1.04788,1.34325
393,fb0,1.62411,0.482421
393,fb1,1.79826,1.28196
393,fb2,1.04794,1.34316
394,fb0,1.62376,0.481638
394,fb1,1.7982,1.28113
394,fb2,1.04799,1.34308
395,fb0,1.6234,0.480856
395,fb1,1.79815,1.28031
395,fb2,1.04804,1.343
396,fb0,1.62304,0.480074
396,fb1,1.7981,1.27948
396,fb2,1.04809,1.34292
397,fb0,1.62268,0.479292
397,fb1,1.79804,1.27865
397,fb2,1.04814,1.34284
398,fb0,1.62233,0.478511
398,fb1,1.79799,1.27783
398,fb2,1.04819,1.34276
399,fb0,1.62197,0.47773
399,fb1,1.79793,1.277
399,fb2,1.04823,1.34268
400,fb0,1.62161,0.476949
400,fb1,1.79787,1.27617
400,fb2,1.04828,1.3426
401,fb0,1.62125,0.476169
401,fb1,1.79781,1.27534
401,fb2,1.04833,1.34253
402,fb0,1.6209,0.475389
402,fb1,1.79775,1.27452
402,fb2,1.04837,1.34245
403,fb0,1.62054,0.474609
403,fb1,1.79769,1.27369
403,fb2,1.04842,1.34238
404,fb0,1.62018,0.47383
404,fb1,1.79762,1.27287
404,fb2,1.04846,1.34231
405,fb0,1.61983,0.473051
405,fb1,1.79756,1.27204
405,fb2,1.04851,1.34224
406,fb0,1.61947,0.472272
406,fb1,1.79749,1.27121
406,fb2,1.04855,1.34217
407,fb0,1.61912,0.471493
407,fb1,1.79742,1.27039
407,fb2,1.04859,1.3421
408,fb0,1.61876,0.470715
408,fb1,1.79735,1.26956
408,fb2,1.04864,1.34203
409,fb0,1.6184,0.469937
409,fb1,1.79728,1.26874
409,fb2,1.04868,1.34197
410,fb0,1.61805,0.469159
410,fb1,1.79721,1.26791
410,fb2,1.04872,1.3419
411,fb0,1.61769,0.468382
411,fb1,1.79714,1.26708
411,fb2,1.04876,1.34184
412,fb0,1.61734,0.467605
412,fb1,1.79707,1.26626
412,fb2,1.0488,1.34178
413,fb0,1.61698,0.466828
413,fb1,1.79699,1.26543
413,fb2,1.04884,1.34171
414,fb0,1.61663,0.466051
414,fb1,1.79692,1.26461
414,fb2,1.04887,1.34165
415,fb0,1.61627,0.465274
415,fb1,1.79684,1.26378
415,fb2,1.04891,1.34159
416,fb0,1.61592,0.464498
416,fb1,1.79677,1.26296
416,fb2,1.04895,1.34153
417,fb0,1.61556,0.463722
417,fb1,1.79669,1.26213
417,fb2,1.04899,1.34148
418,fb0,1.61521,0.462946
418,fb1,1.79662,1.26131
418,fb2,1.04902,1.34142
419,fb0,1.61485,0.462171
419,fb1,1.79654,1.26048
419,fb2,1.04906,1.34137
420,fb0,1.6145,0.461395
420,fb1,1.79646,1.25966
420,fb2,1.04909,1.34131
421,fb0,1.61414,0.46062
421,fb1,1.79639,1.25883
421,fb2,1.04913,1.34126
422,fb0,1.61379,0.459845
422,fb1,1.79631,1.25801
422,fb2,1.04916,1.3412
423,fb0,1.61344,0.45907
423,fb1,1.79624,1.25718
423,fb2,1.04919,1.34115
424,fb0,1.61308,0.458296
424,fb1,1.79616,1.25636
424,fb2,1.04923,1.3411
425,fb0,1.61273,0.457522
425,fb1,1.79609,1.25553
425,fb2,1.04926,1.34105
426,fb0,1.61237,0.456747
426,fb1,1.79601,1.25471
426,fb2,1.04929,1.341
427,fb0,1.61202,0.455974
427,fb1,1.79594,1.25388
427,fb2,1.04932,1.34095
428,fb0,1.61167,0.4552
428,fb1,1.79586,1.25305
428,fb2,1.04936,1.3409
429,fb0,1.61131,0.454426
429,fb1,1.79579,1.25223
429,fb2,1.04939,1.34085
430,fb0,1.61096,0.453653
430,fb1,1.79571,1.2514
430,fb2,1.04942,1.3408
431,fb0,1.61061,0.45288
431,fb1,1.79563,1.25058
431,fb2,1.04945,1.34075
432,fb0,1.61025,0.452107
432,fb1,1.79556,1.24975
432,fb2,1.04948,1.3407
433,fb0,1.6099,0.451334
433,fb1,1.79548,1.24893
433,fb2,1.04951,1.34066
434,fb0,1.60955,0.450562
434,fb1,1.79541,1.2481
434,fb2,1.04954,1.34061
435,fb0,1.60919,0.449789
435,fb1,1.79533,1.24728
435,fb2,1.04957,1.34056
436,fb0,1.60884,0.449017
436,fb1,1.79526,1.24645
436,fb2,1.0496,1.34052
437,fb0,1.60849,0.448245
437,fb1,1.79518,1.24563
437,fb2,1.04963,1.34047
438,fb0,1.60813,0.447473
438,fb1,1.7951,1.2448
438,fb2,1.04966,1.34042
439,fb0,1.60778,0.446702
439,fb1,1.79503,1.24397
439,fb2,1.04969,1.34038
440,fb0,1.60743,0.44593
440,fb1,1.79495,1.24315
440,fb2,1.04972,1.34033
441,fb0,1.60708,0.445159
441,fb1,1.79488,1.24232
441,fb2,1.04975,1.34029
442,fb0,1.60672,0.444388
442,fb1,1.7948,1.2415
442,fb2,1.04978,1.34024
443,fb0,1.60637,0.443617
443,fb1,1.79473,1.24067
443,fb2,1.04981,1.34019
444,fb0,1.60602,0.442846
444,fb1,1.79465,1.23984
444,fb2,1.04984,1.34015
445,fb0,1.60567,0.442075
445,fb1,1.79458,1.23902
445,fb2,1.04987,1.3401
446,fb0,1.60531,0.441305
446,fb1,1.7945,1.23819
446,fb2,1.0499,1.34006
447,fb0,1.60496,0.440534
447,fb1,1.79442,1.23737
447,fb2,1.04993,1.34001
448,fb0,1.60461,0.439764
448,fb1,1.79435,1.23654
448,fb2,1.04996,1.33997
449,fb0,1.60426,0.438994
449,fb1,1.79427,1.23571
449,fb2,1.04999,1.33992
450,fb0,1.6039,0.438224
450,fb1,1.7942,1.23489
450,fb2,1.05002,1.33988
451,fb0,1.60355,0.437454
451,fb1,1.79412,1.23406
451,fb2,1.05005,1.33983
452,fb0,1.6032,0.436684
452,fb1,1.79404,1.23323
452,fb2,1.05008,1.33979
453,fb0,1.60285,0.435915
453,fb1,1.79396,1.23241
453,fb2,1.05011,1.33974
454,fb0,1.6025,0.435145
454,fb1,1.79389,1.23158
454,fb2,1.05014,1.33969
455,fb0,1.60215,0.434376
455,fb1,1.79381,1.23076
455,fb2,1.05017,1.33965
456,fb0,1.60179,0.433607
456,fb1,1.79373,1.22993
456,fb2,1.0502,1.3396
457,fb0,1.60144,0.432838
457,fb1,1.79365,1.2291
457,fb2,1.05023,1.33956
458,fb0,1.60109,0.432069
458,fb1,1.79357,1.22828
458,fb2,1.05026,1.33951
459,fb0,1.60074,0.4313
459,fb1,1.79349,1.22745
459,fb2,1.05029,1.33946
460,fb0,1.60039,0.430531
460,fb1,1.79341,1.22662
460,fb2,1.05032,1.33942
461,fb0,1.60004,0.429761
461,fb1,1.79333,1.2258
461,fb2,1.05035,1.33937
462,fb0,1.59969,0.428992
462,fb1,1.79325,1.22497
462,fb2,1.05038,1.33932
463,fb0,1.59934,0.428222
463,fb1,1.79317,1.22414
463,fb2,1.05041,1.33927
464,fb0,1.599,0.427452
464,fb1,1.79308,1.22332
464,fb2,1.05045,1.33923
465,fb0,1.59865,0.426682
465,fb1,1.793,1.22249
465,fb2,1.05048,1.33918
466,fb0,1.5983,0.425911
466,fb1,1.79292,1.22166
466,fb2,1.05051,1.33913
467,fb0,1.59796,0.425141
467,fb1,1.79284,1.22084
467,fb2,1.05054,1.33908
468,fb0,1.59761,0.42437
468,fb1,1.79275,1.22001
468,fb2,1.05057,1.33903
469,fb0,1.59727,0.423599
469,fb1,1.79267,1.21918
469,fb2,1.05061,1.33899
470,fb0,1.59693,0.422828
470,fb1,1.79258,1.21836
470,fb2,1.05064,1.33894
471,fb0,1.59658,0.422057
471,fb1,1.7925,1.21753
471,fb2,1.05067,1.33889
472,fb0,1.59624,0.421285
472,fb1,1.79242,1.2167
472,fb2,1.05071,1.33884
473,fb0,1.5959,0.420514
473,fb1,1.79233,1.21588
473,fb2,1.05074,1.33879
474,fb0,1.59556,0.419742
474,fb1,1.79224,1.21505
474,fb2,1.05077,1.33874
475,fb0,1.59522,0.41897
475,fb1,1.79216,1.21422
475,fb2,1.05081,1.33869
476,fb0,1.59488,0.418198
476,fb1,1.79207,1.2134
476,fb2,1.05084,1.33864
477,fb0,1.59454,0.417426
477,fb1,1.79198,1.21257
477,fb2,1.05087,1.33859
478,fb0,1.5942,0.416654
478,fb1,1.7919,1.21174
478,fb2,1.05091,1.33854
479,fb0,1.59387,0.415881
479,fb1,1.79181,1.21092
479,fb2,1.05094,1.33849
480,fb0,1.59353,0.415108
480,fb1,1.79172,1.21009
480,fb2,1.05098,1.33843
481,fb0,1.5932,0.414336
481,fb1,1.79163,1.20926
481,fb2,1.05101,1.33838
482,fb0,1.59286,0.413562
482,fb1,1.79154,1.20844
482,fb2,1.05105,1.33833
483,fb0,1.59253,0.412789
483,fb1,1.79145,1.20761
483,fb2,1.05108,1.33828
484,fb0,1.59219,0.412016
484,fb1,1.79136,1.20678
484,fb2,1.05112,1.33822
485,fb0,1.59186,0.411242
485,fb1,1.79127,1.20596
485,fb2,1.05115,1.33817
486,fb0,1.59153,0.410468
486,fb1,1.79118,1.20513
486,fb2,1.05119,1.33812
487,fb0,1.59119,0.409694
487,fb1,1.79109,1.2043
487,fb2,1.05123,1.33806
488,fb0,1.59086,0.40892
488,fb1,1.79099,1.20348
488,fb2,1.05126,1.33801
489,fb0,1.59053,0.408146
489,fb1,1.7909,1.20265
489,fb2,1.0513,1.33796
490,fb0,1.5902,0.407372
490,fb1,1.79081,1.20182
490,fb2,1.05134,1.3379
491,fb0,1.58987,0.406597
491,fb1,1.79072,1.201
491,fb2,1.05137,1.33785
492,fb0,1.58954,0.405822
492,fb1,1.79062,1.20017
492,fb2,1.05141,1.33779
493,fb0,1.58921,0.405048
493,fb1,1.79053,1.19934
493,fb2,1.05145,1.33774
494,fb0,1.58889,0.404272
494,fb1,1.79043,1.19852
494,fb2,1.05149,1.33768
495,fb0,1.58856,0.403497
495,fb1,1.79034,1.19769
495,fb2,1.05153,1.33763
496,fb0,1.58823,0.402722
496,fb1,1.79024,1.19686
496,fb2,1.05157,1.33757
497,fb0,1.58791,0.401946
497,fb1,1.79014,1.19604
497,fb2,1.0516,1.33751
498,fb0,1.58758,0.401171
498,fb1,1.79005,1.19521
498,fb2,1.05164,1.33746
499,fb0,1.58726,0.400395
499,fb1,1.78995,1.19438
499,fb2,1.05168,1.3374
500,fb0,1.58693,0.399619
500,fb1,1.78985,1.19356
500,fb2,1.05172,1.33734
501,fb0,1.58661,0.398843
501,fb1,1.78976,1.19273
501,fb2,1.05176,1.33728
502,fb0,1.58629,0.398066
502,fb1,1.78966,1.1919
502,fb2,1.0518,1.33722
503,fb0,1.58597,0.39729
503,fb1,1.78956,1.19108
503,fb2,1.05184,1.33717
504,fb0,1.58564,0.396513
504,fb1,1.78946,1.19025
504,fb2,1.05188,1.33711
505,fb0,1.58532,0.395736
505,fb1,1.78936,1.18942
505,fb2,1.05192,1.33705
506,fb0,1.585,0.39496
506,fb1,1.78926,1.1886
506,fb2,1.05197,1.33699
507,fb0,1.58468,0.394182
507,fb1,1.78916,1.18777
507,fb2,1.05201,1.33693
508,fb0,1.58436,0.393405
508,fb1,1.78906,1.18694
508,fb2,1.05205,1.33687
509,fb0,1.58405,0.392628
509,fb1,1.78896,1.18612
509,fb2,1.05209,1.33681
510,fb0,1.58373,0.39185
510,fb1,1.78885,1.18529
510,fb2,1.05213,1.33675
511,fb0,1.58341,0.391073
511,fb1,1.78875,1.18446
511,fb2,1.05218,1.33668
512,fb0,1.58309,0.390295
512,fb1,1.78865,1.18364
512,fb2,1.05222,1.33662
513,fb0,1.58278,0.389517
513,fb1,1.78855,1.18281
513,fb2,1.05226,1.33656
514,fb0,1.58246,0.388739
514,fb1,1.78844,1.18198
514,fb2,1.05231,1.3365
515,fb0,1.58215,0.38796
515,fb1,1.78834,1.18116
515,fb2,1.05235,1.33644
516,fb0,1.58183,0.387182
516,fb1,1.78823,1.18033
516,fb2,1.05239,1.33637
517,fb0,1.58152,0.386403
517,fb1,1.78813,1.1795
517,fb2,1.05244,1.33631
518,fb0,1.5812,0.385624
518,fb1,1.78802,1.17868
518,fb2,1.05248,1.33625
519,fb0,1.58089,0.384845
519,fb1,1.78792,1.17785
519,fb2,1.05253,1.33618
520,fb0,1.58058,0.384066
520,fb1,1.78781,1.17702
520,fb2,1.05257,1.33612
521,fb0,1.58027,0.383287
521,fb1,1.78771,1.1762
521,fb2,1.05262,1.33605
522,fb0,1.57996,0.382508
522,fb1,1.7876,1.17537
522,fb2,1.05266,1.33599
523,fb0,1.57965,0.381728
523,fb1,1.78749,1.17454
523,fb2,1.05271,1.33592
524,fb0,1.57934,0.380948
524,fb1,1.78738,1.17372
524,fb2,1.05276,1.33586
525,fb0,1.57903,0.380168
525,fb1,1.78727,1.17289
525,fb2,1.0528,1.33579
526,fb0,1.57872,0.379388
526,fb1,1.78716,1.17207
526,fb2,1.05285,1.33572
527,fb0,1.57841,0.378608
527,fb1,1.78705,1.17124
527,fb2,1.0529,1.33566
528,fb0,1.5781,0.377828
528,fb1,1.78694,1.17041
528,fb2,1.05295,1.33559
529,fb0,1.57779,0.377047
529,fb1,1.78684,1.16959
529,fb2,1.05299,1.33552
530,fb0,1.57749,0.376267
530,fb1,1.78672,1.16876
530,fb2,1.05304,1.33546
531,fb0,1.57718,0.375486
531,fb1,1.78661,1.16793
531,fb2,1.05309,1.33539
532,fb0,1.57687,0.374705
532,fb1,1.7865,1.16711
532,fb2,1.05314,1.33532
533,fb0,1.57657,0.373924
533,fb1,1.78639,1.16628
533,fb2,1.05319,1.33525
534,fb0,1.57626,0.373143
534,fb1,1.78628,1.16546
534,fb2,1.05324,1.33518
535,fb0,1.57596,0.372362
535,fb1,1.78616,1.16463
535,fb2,1.05329,1.33511
536,fb0,1.57566,0.37158
536,fb1,1.78605,1.1638
536,fb2,1.05334,1.33504
537,fb0,1.57535,0.370799
537,fb1,1.78594,1.16298
537,fb2,1.05339,1.33497
538,fb0,1.57505,0.370017
538,fb1,1.78582,1.16215
538,fb2,1.05344,1.3349
539,fb0,1.57475,0.369235
539,fb1,1.78571,1.16133
539,fb2,1.05349,1.33483
540,fb0,1.57445,0.368453
540,fb1,1.78559,1.1605
540,fb2,1.05354,1.33476
541,fb0,1.57414,0.367671
541,fb1,1.78548,1.15967
541,fb2,1.05359,1.33469
542,fb0,1.57384,0.366889
542,fb1,1.78536,1.15885
542,fb2,1.05364,1.33462
543,fb0,1.57354,0.366106
543,fb1,1.78525,1.15802
543,fb2,1.05369,1.33455
544,fb0,1.57324,0.365324
544,fb1,1.78513,1.1572
544,fb2,1.05375,1.33447
545,fb0,1.57294,0.364541
545,fb1,1.78501,1.15637
545,fb2,1.0538,1.3344
546,fb0,1.57265,0.363758
546,fb1,1.7849,1.15554
546,fb2,1.05385,1.33433
547,fb0,1.57235,0.362975
547,fb1,1.78478,1.15472
547,fb2,1.0539,1.33426
548,fb0,1.57205,0.362192
548,fb1,1.78466,1.15389
548,fb2,1.05396,1.33418
549,fb0,1.57175,0.361409
549,fb1,1.78454,1.15307
549,fb2,1.05401,1.33411
550,fb0,1.57146,0.360626
550,fb1,1.78442,1.15224
550,fb2,1.05407,1.33403
551,fb0,1.57116,0.359842
551,fb1,1.7843,1.15142
551,fb2,1.05412,1.33396
552,fb0,1.57086,0.359059
552,fb1,1.78418,1.15059
552,fb2,1.05417,1.33388
553,fb0,1.57057,0.358275
553,fb1,1.78406,1.14977
553,fb2,1.05423,1.33381
554,fb0,1.57027,0.357491
554,fb1,1.78394,1.14894
554,fb2,1.05429,1.33373
555,fb0,1.56998,0.356707
555,fb1,1.78382,1.14812
555,fb2,1.05434,1.33366
556,fb0,1.56968,0.355923
556,fb1,1.7837,1.14729
556,fb2,1.0544,1.33358
557,fb0,1.56939,0.355139
557,fb1,1.78358,1.14646
557,fb2,1.05445,1.3335
558,fb0,1.5691,0.354354
558,fb1,1.78345,1.14564
558,fb2,1.05451,1.33343
559,fb0,1.56881,0.35357
559,fb1,1.78333,1.14481
559,fb2,1.05457,1.33335
560,fb0,1.56851,0.352785
560,fb1,1.78321,1.14399
560,fb2,1.05462,1.33327
561,fb0,1.56822,0.352
561,fb1,1.78309,1.14316
561,fb2,1.05468,1.33319
562,fb0,1.56793,0.351215
562,fb1,1.78296,1.14234
562,fb2,1.05474,1.33312
563,fb0,1.56764,0.35043
563,fb1,1.78284,1.14151
563,fb2,1.0548,1.33304
564,fb0,1.56735,0.349645
564,fb1,1.78271,1.14069
564,fb2,1.05486,1.33296
565,fb0,1.56706,0.34886
565,fb1,1.78259,1.13986
565,fb2,1.05491,1.33288
566,fb0,1.56677,0.348074
566,fb1,1.78246,1.13904
566,fb2,1.05497,1.3328
567,fb0,1.56648,0.347289
567,fb1,1.78234,1.13821
567,fb2,1.05503,1.33272
568,fb0,1.56619,0.346503
568,fb1,1.78221,1.13739
568,fb2,1.05509,1.33264
569,fb0,1.5659,0.345717
569,fb1,1.78208,1.13656
569,fb2,1.05515,1.33256
570,fb0,1.56562,0.344932
570,fb1,1.78196,1.13574
570,fb2,1.05521,1.33248
571,fb0,1.56533,0.344146
571,fb1,1.78183,1.13492
571,fb2,1.05527,1.3324
572,fb0,1.56504,0.34336
572,fb1,1.7817,1.13409
572,fb2,1.05534,1.33232
573,fb0,1.56476,0.342573
573,fb1,1.78157,1.13327
573,fb2,1.0554,1.33223
574,fb0,1.56447,0.341787
574,fb1,1.78144,1.13244
574,fb2,1.05546,1.33215
575,fb0,1.56418,0.341
575,fb1,1.78131,1.13162
575,fb2,1.05552,1.33207
576,fb0,1.5639,0.340214
576,fb1,1.78118,1.13079
576,fb2,1.05558,1.33199
577,fb0,1.56362,0.339427
577,fb1,1.78106,1.12997
577,fb2,1.05564,1.3319
578,fb0,1.56333,0.33864
578,fb1,1.78093,1.12914
578,fb2,1.05571,1.33182
579,fb0,1.56305,0.337853
579,fb1,1.78079,1.12832
579,fb2,1.05577,1.33174
580,fb0,1.56276,0.337066
580,fb1,1.78066,1.1275
580,fb2,1.05583,1.33165
581,fb0,1.56248,0.336279
581,fb1,1.78053,1.12667
581,fb2,1.0559,1.33157
582,fb0,1.5622,0.335492
582,fb1,1.7804,1.12585
582,fb2,1.05596,1.33148
583,fb0,1.56192,0.334704
583,fb1,1.78027,1.12502
583,fb2,1.05603,1.3314
584,fb0,1.56163,0.333917
584,fb1,1.78014,1.1242
584,fb2,1.05609,1.33131
585,fb0,1.56135,0.333129
585,fb1,1.78,1.12338
585,fb2,1.05616,1.33123
586,fb0,1.56107,0.332341
586,fb1,1.77987,1.12255
586,fb2,1.05622,1.33114
587,fb0,1.56079,0.331553
587,fb1,1.77974,1.12173
587,fb2,1.05629,1.33106
588,fb0,1.56051,0.330765
588,fb1,1.7796,1.12091
588,fb2,1.05635,1.33097
589,fb0,1.56023,0.329977
589,fb1,1.77947,1.12008
589,fb2,1.05642,1.33088
590,fb0,1.55995,0.329189
590,fb1,1.77933,1.11926
590,fb2,1.05649,1.33079
591,fb0,1.55967,0.328401
591,fb1,1.7792,1.11843
591,fb2,1.05656,1.33071
592,fb0,1.5594,0.327612
592,fb1,1.77906,1.11761
592,fb2,1.05662,1.33062
593,fb0,1.55912,0.326824
593,fb1,1.77893,1.11679
593,fb2,1.05669,1.33053
594,fb0,1.55884,0.326035
594,fb1,1.77879,1.11596
594,fb2,1.05676,1.33044
595,fb0,1.55856,0.325246
595,fb1,1.77865,1.11514
595,fb2,1.05683,1.33035
596,fb0,1.55829,0.324457
596,fb1,1.77852,1.11432
596,fb2,1.0569,1.33027
597,fb0,1.55801,0.323668
597,fb1,1.77838,1.1135
597,fb2,1.05696,1.33018
598,fb0,1.55773,0.322879
598,fb1,1.77824,1.11267
598,fb2,1.05703,1.33009
599,fb0,1.55746,0.32209
599,fb1,1.7781,1.11185
599,fb2,1.0571,1.33
600,fb0,1.55718,0.321301
600,fb1,1.77796,1.11103
600,fb2,1.05717,1.32991
