1,fb0,1.5267,1.18128
1,fb1,1.46692,1.6605
1,fb2,1.26922,1.66866
2,fb0,1.52567,1.18083
2,fb1,1.46725,1.65942
2,fb2,1.27004,1.66943
3,fb0,1.52452,1.18035
3,fb1,1.46764,1.65824
3,fb2,1.27093,1.67031
4,fb0,1.52335,1.17989
4,fb1,1.46804,1.65705
4,fb2,1.27181,1.6712
5,fb0,1.52218,1.17944
5,fb1,1.46847,1.65588
5,fb2,1.27267,1.6721
6,fb0,1.52101,1.17902
6,fb1,1.46892,1.65471
6,fb2,1.27352,1.67302
7,fb0,1.51982,1.17862
7,fb1,1.46939,1.65355
7,fb2,1.27435,1.67396
8,fb0,1.51863,1.17825
8,fb1,1.46988,1.6524
8,fb2,1.27516,1.67491
9,fb0,1.51743,1.17789
9,fb1,1.47039,1.65126
9,fb2,1.27596,1.67587
10,fb0,1.51623,1.17755
10,fb1,1.47092,1.65013
10,fb2,1.27673,1.67685
11,fb0,1.51502,1.17724
11,fb1,1.47147,1.64901
11,fb2,1.2775,1.67784
12,fb0,1.5138,1.17695
12,fb1,1.47204,1.6479
12,fb2,1.27824,1.67884
13,fb0,1.51258,1.17668
13,fb1,1.47263,1.6468
13,fb2,1.27896,1.67986
14,fb0,1.51136,1.17643
14,fb1,1.47324,1.6457
14,fb2,1.27967,1.68089
15,fb0,1.51013,1.1762
15,fb1,1.47387,1.64462
15,fb2,1.28036,1.68194
16,fb0,1.5089,1.176
16,fb1,1.47452,1.64356
16,fb2,1.28103,1.68299
17,fb0,1.50766,1.17581
17,fb1,1.47519,1.6425
17,fb2,1.28168,1.68406
18,fb0,1.50642,1.17565
18,fb1,1.47587,1.64145
18,fb2,1.28231,1.68514
19,fb0,1.50518,1.17551
19,fb1,1.47658,1.64042
19,fb2,1.28292,1.68623
20,fb0,1.50393,1.1754
20,fb1,1.4773,1.6394
20,fb2,1.28351,1.68733
21,fb0,1.50269,1.1753
21,fb1,1.47804,1.6384
21,fb2,1.28409,1.68844
22,fb0,1.50144,1.17523
22,fb1,1.4788,1.6374
22,fb2,1.28464,1.68956
23,fb0,1.50019,1.17518
23,fb1,1.47958,1.63642
23,fb2,1.28517,1.69069
24,fb0,1.49894,1.17516
24,fb1,1.48037,1.63546
24,fb2,1.28568,1.69183
25,fb0,1.49769,1.17515
25,fb1,1.48119,1.63451
25,fb2,1.28618,1.69298
26,fb0,1.49644,1.17517
26,fb1,1.48201,1.63357
26,fb2,1.28665,1.69414
27,fb0,1.49519,1.17521
27,fb1,1.48286,1.63265
27,fb2,1.2871,1.69531
28,fb0,1.49394,1.17527
28,fb1,1.48372,1.63174
28,fb2,1.28753,1.69648
29,fb0,1.4927,1.17535
29,fb1,1.4846,1.63085
29,fb2,1.28794,1.69766
30,fb0,1.49145,1.17546
30,fb1,1.48549,1.62998
30,fb2,1.28832,1.69885
31,fb0,1.49021,1.17559
31,fb1,1.4864,1.62912
31,fb2,1.28869,1.70004
32,fb0,1.48897,1.17574
32,fb1,1.48732,1.62828
32,fb2,1.28904,1.70125
33,fb0,1.48773,1.17591
33,fb1,1.48826,1.62745
33,fb2,1.28936,1.70245
34,fb0,1.48649,1.17611
34,fb1,1.48921,1.62664
34,fb2,1.28966,1.70367
35,fb0,1.48526,1.17633
35,fb1,1.49018,1.62585
35,fb2,1.28994,1.70488
36,fb0,1.48404,1.17657
36,fb1,1.49116,1.62508
36,fb2,1.2902,1.70611
37,fb0,1.48281,1.17683
37,fb1,1.49216,1.62432
37,fb2,1.29043,1.70733
38,fb0,1.4816,1.17711
38,fb1,1.49316,1.62358
38,fb2,1.29065,1.70857
39,fb0,1.48038,1.17741
39,fb1,1.49419,1.62286
39,fb2,1.29084,1.7098
40,fb0,1.47918,1.17774
40,fb1,1.49522,1.62216
40,fb2,1.29101,1.71104
41,fb0,1.47798,1.17809
41,fb1,1.49627,1.62148
41,fb2,1.29116,1.71228
42,fb0,1.47678,1.17846
42,fb1,1.49733,1.62081
42,fb2,1.29129,1.71352
43,fb0,1.47559,1.17885
43,fb1,1.4984,1.62016
43,fb2,1.29139,1.71477
44,fb0,1.47441,1.17926
44,fb1,1.49948,1.61954
44,fb2,1.29147,1.71602
45,fb0,1.47324,1.17969
45,fb1,1.50057,1.61893
45,fb2,1.29153,1.71727
46,fb0,1.47208,1.18015
46,fb1,1.50167,1.61834
46,fb2,1.29157,1.71852
47,fb0,1.47092,1.18062
47,fb1,1.50279,1.61777
47,fb2,1.29158,1.71977
48,fb0,1.46977,1.18111
48,fb1,1.50391,1.61723
48,fb2,1.29157,1.72102
49,fb0,1.46863,1.18163
49,fb1,1.50504,1.6167
49,fb2,1.29154,1.72227
50,fb0,1.4675,1.18216
50,fb1,1.50617,1.61616
50,fb2,1.29149,1.72351
51,fb0,1.46638,1.18272
51,fb1,1.50729,1.6156
51,fb2,1.29142,1.72476
52,fb0,1.46527,1.18329
52,fb1,1.50841,1.61505
52,fb2,1.29132,1.72601
53,fb0,1.46418,1.18389
53,fb1,1.50953,1.61449
53,fb2,1.2912,1.72725
54,fb0,1.46309,1.1845
54,fb1,1.51064,1.61391
54,fb2,1.29106,1.72849
55,fb0,1.46201,1.18514
55,fb1,1.51175,1.61334
55,fb2,1.29089,1.72973
56,fb0,1.46094,1.18579
56,fb1,1.51286,1.61276
56,fb2,1.29071,1.73097
57,fb0,1.45989,1.18646
57,fb1,1.51395,1.61216
57,fb2,1.2905,1.7322
58,fb0,1.45885,1.18715
58,fb1,1.51506,1.61158
58,fb2,1.29027,1.73343
59,fb0,1.45782,1.18786
59,fb1,1.51615,1.61098
59,fb2,1.29002,1.73466
60,fb0,1.4568,1.18859
60,fb1,1.51726,1.61039
60,fb2,1.28975,1.73588
61,fb0,1.4558,1.18934
61,fb1,1.51835,1.60979
61,fb2,1.28945,1.73709
62,fb0,1.45481,1.1901
62,fb1,1.51944,1.60917
62,fb2,1.28913,1.7383
63,fb0,1.45383,1.19088
63,fb1,1.52053,1.60856
63,fb2,1.2888,1.7395
64,fb0,1.45287,1.19168
64,fb1,1.52845,1.60403
64,fb2,1.28844,1.7407
65,fb0,1.45192,1.19249
65,fb1,1.53712,1.59905
65,fb2,1.28564,1.74939
66,fb0,1.45099,1.19333
66,fb1,1.54579,1.59407
66,fb2,1.28205,1.75872
67,fb0,1.45007,1.19417
67,fb1,1.55446,1.58909
67,fb2,1.27791,1.76782
68,fb0,1.44917,1.19504
68,fb1,1.56313,1.5841
68,fb2,1.27329,1.77669
69,fb0,1.44828,1.19592
69,fb1,1.57189,1.57928
69,fb2,1.26826,1.78533
70,fb0,1.44741,1.19682
70,fb1,1.58079,1.57472
70,fb2,1.26289,1.79376
71,fb0,1.44656,1.19773
71,fb1,1.58987,1.57052
71,fb2,1.25721,1.80199
72,fb0,1.44572,1.19865
72,fb1,1.59915,1.5668
72,fb2,1.25128,1.81005
73,fb0,1.4449,1.1996
73,fb1,1.60865,1.56368
73,fb2,1.24513,1.81793
74,fb0,1.44409,1.20055
74,fb1,1.61696,1.5616
74,fb2,1.23878,1.82565
75,fb0,1.4433,1.20152
75,fb1,1.62508,1.56003
75,fb2,1.23227,1.83324
76,fb0,1.44253,1.20251
76,fb1,1.63315,1.5589
76,fb2,1.2256,1.84069
77,fb0,1.44178,1.20351
77,fb1,1.64118,1.5582
77,fb2,1.2188,1.84803
78,fb0,1.44105,1.20452
78,fb1,1.6492,1.55791
78,fb2,1.21189,1.85525
79,fb0,1.44033,1.20554
79,fb1,1.65718,1.55802
79,fb2,1.20495,1.86245
80,fb0,1.43963,1.20658
80,fb1,1.66513,1.55851
80,fb2,1.19801,1.86965
81,fb0,1.43895,1.20763
81,fb1,1.67303,1.55936
81,fb2,1.19107,1.87685
82,fb0,1.43829,1.20869
82,fb1,1.68087,1.56055
82,fb2,1.18413,1.88405
83,fb0,1.43765,1.20976
83,fb1,1.68866,1.56204
83,fb2,1.17798,1.89027
84,fb0,1.43703,1.21085
84,fb1,1.69639,1.56383
84,fb2,1.17295,1.89533
85,fb0,1.43642,1.21194
85,fb1,1.70405,1.56588
85,fb2,1.16876,1.89946
86,fb0,1.43584,1.21305
86,fb1,1.71166,1.56818
86,fb2,1.16522,1.90288
87,fb0,1.43528,1.21416
87,fb1,1.7192,1.57069
87,fb2,1.16221,1.90575
88,fb0,1.43473,1.21529
88,fb1,1.72668,1.57341
88,fb2,1.15962,1.90818
89,fb0,1.43421,1.21642
89,fb1,1.7341,1.5763
89,fb2,1.15739,1.91025
90,fb0,1.43371,1.21757
90,fb1,1.74147,1.57935
90,fb2,1.15546,1.91202
91,fb0,1.43323,1.21872
91,fb1,1.74878,1.58255
91,fb2,1.15379,1.91353
92,fb0,1.43277,1.21988
92,fb1,1.75605,1.58588
92,fb2,1.15234,1.91484
93,fb0,1.43232,1.22105
93,fb1,1.76327,1.58932
93,fb2,1.15109,1.91595
94,fb0,1.4319,1.22223
94,fb1,1.77045,1.59287
94,fb2,1.15,1.91691
95,fb0,1.43151,1.22341
95,fb1,1.77762,1.59643
95,fb2,1.14907,1.91773
96,fb0,1.43113,1.22461
96,fb1,1.7848,1.6
96,fb2,1.14828,1.91843
97,fb0,1.43077,1.2258
97,fb1,1.79198,1.60357
97,fb2,1.14761,1.91901
98,fb0,1.43044,1.22701
98,fb1,1.79917,1.60714
98,fb2,1.14705,1.91949
99,fb0,1.43012,1.22822
99,fb1,1.80636,1.61071
99,fb2,1.1466,1.91989
100,fb0,1.42983,1.22943
100,fb1,1.81355,1.61429
100,fb2,1.14624,1.9202
101,fb0,1.42956,1.23065
101,fb1,1.82074,1.61786
101,fb2,1.14596,1.92044
102,fb0,1.42931,1.23188
102,fb1,1.82792,1.62144
102,fb2,1.14575,1.92062
103,fb0,1.42909,1.23311
103,fb1,1.83511,1.62501
103,fb2,1.14561,1.92074
104,fb0,1.42888,1.23434
104,fb1,1.84229,1.62858
104,fb2,1.14553,1.92081
105,fb0,1.4287,1.23558
105,fb1,1.84947,1.63215
105,fb2,1.14545,1.92088
106,fb0,1.42869,1.2357
106,fb1,1.85653,1.63565
106,fb2,1.14544,1.92088
107,fb0,1.42869,1.2357
107,fb1,1.86277,1.63875
107,fb2,1.14544,1.92088
108,fb0,1.42869,1.2357
108,fb1,1.86825,1.64148
108,fb2,1.14544,1.92088
109,fb0,1.42869,1.2357
109,fb1,1.87312,1.6439
109,fb2,1.14544,1.92088
110,fb0,1.42869,1.2357
110,fb1,1.87748,1.64607
110,fb2,1.14544,1.92088
111,fb0,1.42869,1.2357
111,fb1,1.88141,1.64802
111,fb2,1.14544,1.92088
112,fb0,1.42869,1.2357
112,fb1,1.88498,1.6498
112,fb2,1.14544,1.92088
113,fb0,1.42869,1.2357
113,fb1,1.88822,1.65141
113,fb2,1.14544,1.92088
114,fb0,1.42394,1.23726
114,fb1,1.8912,1.65289
114,fb2,1.14544,1.92088
115,fb0,1.41895,1.23859
115,fb1,1.89379,1.65418
115,fb2,1.14561,1.92127
116,fb0,1.4143,1.23959
116,fb1,1.89602,1.65528
116,fb2,1.14581,1.9217
117,fb0,1.40995,1.24033
117,fb1,1.89794,1.65624
117,fb2,1.14601,1.92213
118,fb0,1.40589,1.24086
118,fb1,1.8996,1.65706
118,fb2,1.14622,1.92257
119,fb0,1.40207,1.24122
119,fb1,1.90104,1.65776
119,fb2,1.14643,1.92302
120,fb0,1.39849,1.24144
120,fb1,1.9023,1.65837
120,fb2,1.14665,1.92348
121,fb0,1.39512,1.24156
121,fb1,1.90342,1.6589
121,fb2,1.14688,1.92395
122,fb0,1.39193,1.24158
122,fb1,1.90443,1.65937
122,fb2,1.14711,1.92442
123,fb0,1.38892,1.24153
123,fb1,1.90536,1.6598
123,fb2,1.14735,1.92491
124,fb0,1.38607,1.24141
124,fb1,1.90624,1.66019
124,fb2,1.14759,1.9254
125,fb0,1.38336,1.24125
125,fb1,1.90709,1.66056
125,fb2,1.14784,1.9259
126,fb0,1.3808,1.24104
126,fb1,1.90793,1.66092
126,fb2,1.14809,1.9264
127,fb0,1.37837,1.2408
127,fb1,1.9088,1.66128
127,fb2,1.14835,1.92691
128,fb0,1.37606,1.24052
128,fb1,1.90889,1.66132
128,fb2,1.14861,1.92742
129,fb0,1.37384,1.24022
129,fb1,1.90889,1.66132
129,fb2,1.14888,1.92793
130,fb0,1.3717,1.2399
130,fb1,1.90889,1.66132
130,fb2,1.14914,1.92845
131,fb0,1.36964,1.23956
131,fb1,1.90889,1.66132
131,fb2,1.14941,1.92896
132,fb0,1.36766,1.2392
132,fb1,1.90889,1.66132
132,fb2,1.14968,1.92948
133,fb0,1.36574,1.23883
133,fb1,1.90987,1.66099
133,fb2,1.14996,1.92999
134,fb0,1.36391,1.23844
134,fb1,1.911,1.66058
134,fb2,1.15023,1.93051
135,fb0,1.36217,1.23806
135,fb1,1.91217,1.66014
135,fb2,1.15051,1.93103
136,fb0,1.36051,1.23767
136,fb1,1.91339,1.65966
136,fb2,1.1508,1.93156
137,fb0,1.35893,1.23728
137,fb1,1.91465,1.65914
137,fb2,1.15109,1.93209
138,fb0,1.35743,1.23689
138,fb1,1.91595,1.65858
138,fb2,1.15139,1.93263
139,fb0,1.356,1.23651
139,fb1,1.91729,1.65798
139,fb2,1.15169,1.93318
140,fb0,1.35464,1.23613
140,fb1,1.91866,1.65732
140,fb2,1.152,1.93373
141,fb0,1.35335,1.23576
141,fb1,1.92007,1.65662
141,fb2,1.15232,1.93429
142,fb0,1.35212,1.23539
142,fb1,1.92151,1.65587
142,fb2,1.15265,1.93486
143,fb0,1.35095,1.23503
143,fb1,1.92297,1.65506
143,fb2,1.15298,1.93543
144,fb0,1.34984,1.23468
144,fb1,1.92446,1.6542
144,fb2,1.15332,1.93601
145,fb0,1.34879,1.23434
145,fb1,1.92596,1.65328
145,fb2,1.15367,1.9366
146,fb0,1.34761,1.23395
146,fb1,1.92748,1.65231
146,fb2,1.15402,1.93719
147,fb0,1.34642,1.23358
147,fb1,1.92902,1.65127
147,fb2,1.15439,1.9378
148,fb0,1.34522,1.23322
148,fb1,1.93056,1.65017
148,fb2,1.15476,1.93841
149,fb0,1.34402,1.23288
149,fb1,1.93211,1.64901
149,fb2,1.15515,1.93903
150,fb0,1.34281,1.23257
150,fb1,1.93367,1.64779
150,fb2,1.15555,1.93966
151,fb0,1.3416,1.23228
151,fb1,1.93523,1.6465
151,fb2,1.15596,1.9403
152,fb0,1.34038,1.23201
152,fb1,1.93678,1.64515
152,fb2,1.15637,1.94094
153,fb0,1.33915,1.23176
153,fb1,1.93832,1.64373
153,fb2,1.1568,1.9416
154,fb0,1.33792,1.23153
154,fb1,1.93985,1.64224
154,fb2,1.15725,1.94226
155,fb0,1.33669,1.23133
155,fb1,1.94137,1.64069
155,fb2,1.1577,1.94293
156,fb0,1.33545,1.23114
156,fb1,1.94287,1.63908
156,fb2,1.15816,1.9436
157,fb0,1.33421,1.23098
157,fb1,1.94435,1.63741
157,fb2,1.15864,1.94428
158,fb0,1.33297,1.23085
158,fb1,1.9458,1.63567
158,fb2,1.15913,1.94497
159,fb0,1.33172,1.23073
159,fb1,1.94722,1.63388
159,fb2,1.15963,1.94566
160,fb0,1.33048,1.23064
160,fb1,1.94861,1.63202
160,fb2,1.16015,1.94636
161,fb0,1.32923,1.23056
161,fb1,1.94996,1.63011
161,fb2,1.16067,1.94706
162,fb0,1.32798,1.23052
162,fb1,1.95128,1.62815
162,fb2,1.16121,1.94777
163,fb0,1.32673,1.23049
163,fb1,1.95255,1.62613
163,fb2,1.16176,1.94848
164,fb0,1.32548,1.23048
164,fb1,1.95379,1.62407
164,fb2,1.16232,1.94919
165,fb0,1.32423,1.2305
165,fb1,1.95498,1.62195
165,fb2,1.1629,1.94991
166,fb0,1.32298,1.23054
166,fb1,1.95612,1.6198
166,fb2,1.16349,1.95063
167,fb0,1.32173,1.2306
167,fb1,1.95721,1.6176
167,fb2,1.16409,1.95135
168,fb0,1.32049,1.23069
168,fb1,1.95826,1.61536
168,fb2,1.1647,1.95207
169,fb0,1.31924,1.2308
169,fb1,1.95925,1.61308
169,fb2,1.16532,1.95279
170,fb0,1.318,1.23092
170,fb1,1.9602,1.61077
170,fb2,1.16595,1.95351
171,fb0,1.31676,1.23108
171,fb1,1.96109,1.60843
171,fb2,1.1666,1.95423
172,fb0,1.31552,1.23125
172,fb1,1.96192,1.60606
172,fb2,1.16726,1.95495
173,fb0,1.31428,1.23144
173,fb1,1.96271,1.60366
173,fb2,1.16793,1.95567
174,fb0,1.31305,1.23166
174,fb1,1.96344,1.60124
174,fb2,1.16861,1.95638
175,fb0,1.31183,1.2319
175,fb1,1.96412,1.5988
175,fb2,1.1693,1.95709
176,fb0,1.3106,1.23216
176,fb1,1.96474,1.59634
176,fb2,1.17,1.9578
177,fb0,1.30939,1.23245
177,fb1,1.96531,1.59386
177,fb2,1.17071,1.95851
178,fb0,1.30817,1.23275
178,fb1,1.96583,1.59137
178,fb2,1.17142,1.95921
179,fb0,1.30697,1.23308
179,fb1,1.96629,1.58887
179,fb2,1.17215,1.95991
180,fb0,1.30577,1.23342
180,fb1,1.96671,1.58636
180,fb2,1.17289,1.96061
181,fb0,1.30457,1.23379
181,fb1,1.96707,1.58385
181,fb2,1.17364,1.9613
182,fb0,1.30339,1.23418
182,fb1,1.96738,1.58133
182,fb2,1.17439,1.96198
183,fb0,1.30221,1.2346
183,fb1,1.96765,1.57881
183,fb2,1.17516,1.96266
184,fb0,1.30103,1.23503
184,fb1,1.96786,1.57628
184,fb2,1.17593,1.96333
185,fb0,1.30092,1.23507
185,fb1,1.96803,1.57376
185,fb2,1.17671,1.964
186,fb0,1.30092,1.23507
186,fb1,1.96815,1.57125
186,fb2,1.1775,1.96466
187,fb0,1.30092,1.23507
187,fb1,1.96823,1.56876
187,fb2,1.1783,1.96532
188,fb0,1.30092,1.23507
188,fb1,1.96827,1.5663
188,fb2,1.17911,1.96598
189,fb0,1.30073,1.23504
189,fb1,1.96826,1.56385
189,fb2,1.17993,1.96663
190,fb0,1.30051,1.23499
190,fb1,1.96822,1.56142
190,fb2,1.18077,1.96728
191,fb0,1.3003,1.23495
191,fb1,1.96814,1.55901
191,fb2,1.18161,1.96792
192,fb0,1.30008,1.23491
192,fb1,1.96803,1.55662
192,fb2,1.18247,1.96856
193,fb0,1.29985,1.23486
193,fb1,1.96788,1.55426
193,fb2,1.18334,1.96919
194,fb0,1.29961,1.23481
194,fb1,1.9677,1.55192
194,fb2,1.18422,1.96982
195,fb0,1.29937,1.23476
195,fb1,1.96749,1.5496
195,fb2,1.18511,1.97045
196,fb0,1.29911,1.2347
196,fb1,1.96726,1.5473
196,fb2,1.18601,1.97107
197,fb0,1.29884,1.23464
197,fb1,1.967,1.54503
197,fb2,1.18693,1.97168
198,fb0,1.29856,1.23458
198,fb1,1.96671,1.54278
198,fb2,1.18785,1.97229
199,fb0,1.29826,1.23452
199,fb1,1.9664,1.54055
199,fb2,1.18879,1.97289
200,fb0,1.29795,1.23445
200,fb1,1.96607,1.53835
200,fb2,1.18973,1.97348
201,fb0,1.29763,1.23438
201,fb1,1.96572,1.53617
201,fb2,1.19069,1.97407
202,fb0,1.29729,1.23431
202,fb1,1.96535,1.53402
202,fb2,1.19166,1.97465
203,fb0,1.29616,1.23406
203,fb1,1.96496,1.53189
203,fb2,1.19264,1.97522
204,fb0,1.29493,1.2338
204,fb1,1.96455,1.52977
204,fb2,1.19362,1.97578
205,fb0,1.2937,1.23357
205,fb1,1.96412,1.52766
205,fb2,1.19463,1.97634
206,fb0,1.29247,1.23336
206,fb1,1.96367,1.52555
206,fb2,1.19564,1.97689
207,fb0,1.29123,1.23317
207,fb1,1.96321,1.52346
207,fb2,1.19666,1.97743
208,fb0,1.29,1.23301
208,fb1,1.96273,1.52137
208,fb2,1.19769,1.97796
209,fb0,1.28875,1.23287
209,fb1,1.96223,1.51929
209,fb2,1.19873,1.97848
210,fb0,1.28751,1.23275
210,fb1,1.96171,1.51723
210,fb2,1.19978,1.979
211,fb0,1.28626,1.23265
211,fb1,1.96118,1.51517
211,fb2,1.20084,1.9795
212,fb0,1.28502,1.23257
212,fb1,1.96064,1.51311
212,fb2,1.20191,1.98
213,fb0,1.28377,1.23252
213,fb1,1.96007,1.51107
213,fb2,1.20299,1.98048
214,fb0,1.28252,1.23249
214,fb1,1.9595,1.50904
214,fb2,1.20407,1.98095
215,fb0,1.28127,1.23248
215,fb1,1.95891,1.50702
215,fb2,1.20516,1.98142
216,fb0,1.28002,1.23249
216,fb1,1.95831,1.50501
216,fb2,1.20626,1.98187
217,fb0,1.27877,1.23252
217,fb1,1.9577,1.50301
217,fb2,1.20737,1.98231
218,fb0,1.27752,1.23258
218,fb1,1.95707,1.50102
218,fb2,1.20848,1.98274
219,fb0,1.27627,1.23266
219,fb1,1.95643,1.49905
219,fb2,1.2096,1.98316
220,fb0,1.27503,1.23276
220,fb1,1.95578,1.49708
220,fb2,1.21072,1.98357
221,fb0,1.27378,1.23289
221,fb1,1.95513,1.49512
221,fb2,1.21185,1.98396
222,fb0,1.27254,1.23303
222,fb1,1.95446,1.49317
222,fb2,1.21298,1.98435
223,fb0,1.2713,1.2332
223,fb1,1.95378,1.49124
223,fb2,1.21411,1.98472
224,fb0,1.27007,1.23339
224,fb1,1.95309,1.48932
224,fb2,1.21525,1.98508
225,fb0,1.26884,1.23361
225,fb1,1.9524,1.4874
225,fb2,1.2164,1.98543
226,fb0,1.26761,1.23384
226,fb1,1.9517,1.4855
226,fb2,1.21754,1.98577
227,fb0,1.26638,1.2341
227,fb1,1.95099,1.48361
227,fb2,1.21869,1.98609
228,fb0,1.26517,1.23438
228,fb1,1.95027,1.48173
228,fb2,1.21984,1.9864
229,fb0,1.26467,1.2345
229,fb1,1.94954,1.47986
229,fb2,1.22099,1.98671
230,fb0,1.26424,1.2346
230,fb1,1.94882,1.47802
230,fb2,1.22214,1.987
231,fb0,1.26379,1.23472
231,fb1,1.94809,1.47619
231,fb2,1.22329,1.98728
232,fb0,1.26332,1.23483
232,fb1,1.94736,1.47439
232,fb2,1.22445,1.98754
233,fb0,1.26283,1.23495
233,fb1,1.94664,1.47261
233,fb2,1.22561,1.9878
234,fb0,1.26231,1.23508
234,fb1,1.94591,1.47085
234,fb2,1.22678,1.98805
235,fb0,1.26178,1.2352
235,fb1,1.94518,1.46911
235,fb2,1.22794,1.98828
236,fb0,1.26123,1.23533
236,fb1,1.94446,1.46739
236,fb2,1.22911,1.98851
237,fb0,1.26066,1.23547
237,fb1,1.94374,1.46569
237,fb2,1.23027,1.98872
238,fb0,1.26008,1.2356
238,fb1,1.94301,1.46401
238,fb2,1.23144,1.98892
239,fb0,1.25947,1.23574
239,fb1,1.9423,1.46234
239,fb2,1.23261,1.98911
240,fb0,1.25885,1.23588
240,fb1,1.94159,1.46069
240,fb2,1.23378,1.98929
241,fb0,1.25821,1.23602
241,fb1,1.94088,1.45905
241,fb2,1.23495,1.98946
242,fb0,1.25756,1.23617
242,fb1,1.94019,1.45742
242,fb2,1.23612,1.98962
243,fb0,1.25689,1.23632
243,fb1,1.93949,1.45581
243,fb2,1.23729,1.98977
244,fb0,1.2562,1.23646
244,fb1,1.9388,1.45421
244,fb2,1.23846,1.98991
245,fb0,1.2555,1.23661
245,fb1,1.93812,1.45261
245,fb2,1.23963,1.99003
246,fb0,1.25479,1.23676
246,fb1,1.93744,1.45104
246,fb2,1.24079,1.99015
247,fb0,1.25406,1.23691
247,fb1,1.93677,1.44947
247,fb2,1.24196,1.99026
248,fb0,1.25332,1.23706
248,fb1,1.9361,1.44791
248,fb2,1.24313,1.99036
249,fb0,1.25257,1.23721
249,fb1,1.93543,1.44636
249,fb2,1.24429,1.99044
250,fb0,1.2518,1.23736
250,fb1,1.93477,1.44482
250,fb2,1.24545,1.99052
251,fb0,1.25103,1.23752
251,fb1,1.93411,1.44328
251,fb2,1.24661,1.99059
252,fb0,1.25024,1.23767
252,fb1,1.93346,1.44176
252,fb2,1.24777,1.99065
253,fb0,1.24945,1.23782
253,fb1,1.93281,1.44024
253,fb2,1.24893,1.9907
254,fb0,1.24864,1.23796
254,fb1,1.93216,1.43873
254,fb2,1.25008,1.99074
255,fb0,1.24782,1.23811
255,fb1,1.93151,1.43723
255,fb2,1.25124,1.99077
256,fb0,1.247,1.23826
256,fb1,1.93087,1.43573
256,fb2,1.25239,1.99079
257,fb0,1.24616,1.23841
257,fb1,1.93023,1.43424
257,fb2,1.25353,1.9908
258,fb0,1.24532,1.23855
258,fb1,1.92959,1.43276
258,fb2,1.25468,1.9908
259,fb0,1.24447,1.2387
259,fb1,1.92895,1.43128
259,fb2,1.25582,1.9908
260,fb0,1.24361,1.23884
260,fb1,1.92832,1.4298
260,fb2,1.25696,1.99079
261,fb0,1.24275,1.23898
261,fb1,1.92769,1.42833
261,fb2,1.2581,1.99077
262,fb0,1.24188,1.23912
262,fb1,1.92706,1.42686
262,fb2,1.25923,1.99074
263,fb0,1.241,1.23925
263,fb1,1.92643,1.4254
263,fb2,1.26036,1.9907
264,fb0,1.24011,1.23939
264,fb1,1.9258,1.42394
264,fb2,1.26149,1.99065
265,fb0,1.23923,1.23952
265,fb1,1.92518,1.42248
265,fb2,1.26261,1.9906
266,fb0,1.23833,1.23965
266,fb1,1.92455,1.42103
266,fb2,1.26373,1.99054
267,fb0,1.23743,1.23978
267,fb1,1.92393,1.41958
267,fb2,1.26485,1.99047
268,fb0,1.23652,1.23991
268,fb1,1.92331,1.41813
268,fb2,1.26597,1.99039
269,fb0,1.23561,1.24003
269,fb1,1.92269,1.41669
269,fb2,1.26708,1.99031
270,fb0,1.2347,1.24016
270,fb1,1.92207,1.41525
270,fb2,1.26819,1.99022
271,fb0,1.23378,1.24028
271,fb1,1.92145,1.4138
271,fb2,1.26929,1.99012
272,fb0,1.23286,1.24039
272,fb1,1.92083,1.41237
272,fb2,1.27039,1.99002
273,fb0,1.23194,1.24051
273,fb1,1.92021,1.41093
273,fb2,1.27149,1.98991
274,fb0,1.23101,1.24062
274,fb1,1.9196,1.40949
274,fb2,1.27258,1.98979
275,fb0,1.23008,1.24073
275,fb1,1.91898,1.40806
275,fb2,1.27367,1.98967
276,fb0,1.22914,1.24084
276,fb1,1.91837,1.40663
276,fb2,1.27476,1.98953
277,fb0,1.22821,1.24095
277,fb1,1.91775,1.40519
277,fb2,1.27585,1.9894
278,fb0,1.22727,1.24105
278,fb1,1.91714,1.40376
278,fb2,1.27693,1.98925
279,fb0,1.22633,1.24115
279,fb1,1.91652,1.40233
279,fb2,1.278,1.98911
280,fb0,1.22539,1.24125
280,fb1,1.91591,1.4009
280,fb2,1.27908,1.98895
281,fb0,1.22444,1.24134
281,fb1,1.91529,1.39947
281,fb2,1.28014,1.98879
282,fb0,1.2235,1.24143
282,fb1,1.91468,1.39804
282,fb2,1.28121,1.98862
283,fb0,1.22255,1.24152
283,fb1,1.91407,1.39661
283,fb2,1.28227,1.98845
284,fb0,1.2216,1.24161
284,fb1,1.91345,1.39519
284,fb2,1.28333,1.98827
285,fb0,1.22066,1.24169
285,fb1,1.91284,1.39376
285,fb2,1.28439,1.98809
286,fb0,1.21971,1.24177
286,fb1,1.91223,1.39233
286,fb2,1.28544,1.9879
287,fb0,1.21876,1.24185
287,fb1,1.91161,1.3909
287,fb2,1.28649,1.9877
288,fb0,1.21781,1.24193
288,fb1,1.911,1.38947
288,fb2,1.28753,1.9875
289,fb0,1.21686,1.242
289,fb1,1.91038,1.38804
289,fb2,1.28857,1.9873
290,fb0,1.2159,1.24208
290,fb1,1.90977,1.38661
290,fb2,1.28961,1.98709
291,fb0,1.21495,1.24214
291,fb1,1.90916,1.38518
291,fb2,1.29065,1.98687
292,fb0,1.214,1.24221
292,fb1,1.90854,1.38375
292,fb2,1.29168,1.98665
293,fb0,1.21305,1.24227
293,fb1,1.90793,1.38232
293,fb2,1.29271,1.98642
294,fb0,1.2121,1.24234
294,fb1,1.90731,1.38089
294,fb2,1.29373,1.98619
295,fb0,1.21115,1.2424
295,fb1,1.9067,1.37946
295,fb2,1.29475,1.98596
296,fb0,1.2102,1.24245
296,fb1,1.90608,1.37803
296,fb2,1.29577,1.98572
297,fb0,1.20925,1.24251
297,fb1,1.90547,1.3766
297,fb2,1.29679,1.98547
298,fb0,1.2083,1.24256
298,fb1,1.90485,1.37516
298,fb2,1.2978,1.98523
299,fb0,1.20736,1.24261
299,fb1,1.90424,1.37373
299,fb2,1.29881,1.98497
300,fb0,1.20641,1.24265
300,fb1,1.90362,1.37229
300,fb2,1.29981,1.98471
301,fb0,1.20546,1.2427
301,fb1,1.903,1.37086
301,fb2,1.30082,1.98445
302,fb0,1.20452,1.24274
302,fb1,1.90238,1.36942
302,fb2,1.30182,1.98419
303,fb0,1.20358,1.24278
303,fb1,1.90177,1.36798
303,fb2,1.30281,1.98392
304,fb0,1.20263,1.24282
304,fb1,1.90115,1.36654
304,fb2,1.30381,1.98364
305,fb0,1.20169,1.24286
305,fb1,1.90053,1.3651
305,fb2,1.3048,1.98336
306,fb0,1.20075,1.24289
306,fb1,1.89991,1.36366
306,fb2,1.30578,1.98308
307,fb0,1.19982,1.24292
307,fb1,1.89929,1.36222
307,fb2,1.30677,1.98279
308,fb0,1.19888,1.24295
308,fb1,1.89867,1.36078
308,fb2,1.30775,1.9825
309,fb0,1.19794,1.24298
309,fb1,1.89805,1.35934
309,fb2,1.30873,1.9822
310,fb0,1.19701,1.24301
310,fb1,1.89743,1.35789
310,fb2,1.30971,1.98191
311,fb0,1.19608,1.24303
311,fb1,1.89681,1.35645
311,fb2,1.31068,1.9816
312,fb0,1.19515,1.24305
312,fb1,1.89619,1.355
312,fb2,1.31165,1.9813
313,fb0,1.19422,1.24307
313,fb1,1.89557,1.35355
313,fb2,1.31262,1.98098
314,fb0,1.19329,1.24309
314,fb1,1.89495,1.35211
314,fb2,1.31358,1.98067
315,fb0,1.19237,1.24311
315,fb1,1.89433,1.35066
315,fb2,1.31455,1.98035
316,fb0,1.19145,1.24312
316,fb1,1.8937,1.34921
316,fb2,1.31551,1.98003
317,fb0,1.19053,1.24314
317,fb1,1.89308,1.34775
317,fb2,1.31646,1.9797
318,fb0,1.18961,1.24315
318,fb1,1.89245,1.3463
318,fb2,1.31742,1.97937
319,fb0,1.18869,1.24316
319,fb1,1.89183,1.34485
319,fb2,1.31837,1.97904
320,fb0,1.18778,1.24316
320,fb1,1.89121,1.34339
320,fb2,1.31932,1.9787
321,fb0,1.18686,1.24317
321,fb1,1.89058,1.34194
321,fb2,1.32027,1.97836
322,fb0,1.18595,1.24318
322,fb1,1.88995,1.34048
322,fb2,1.32121,1.97802
323,fb0,1.18505,1.24318
323,fb1,1.88933,1.33902
323,fb2,1.32215,1.97767
324,fb0,1.18414,1.24318
324,fb1,1.8887,1.33756
324,fb2,1.32309,1.97732
325,fb0,1.18324,1.24318
325,fb1,1.88807,1.3361
325,fb2,1.32403,1.97697
326,fb0,1.18233,1.24318
326,fb1,1.88745,1.33464
326,fb2,1.32497,1.97661
327,fb0,1.18144,1.24318
327,fb1,1.88682,1.33318
327,fb2,1.3259,1.97625
328,fb0,1.18054,1.24318
328,fb1,1.88619,1.33172
328,fb2,1.32683,1.97588
329,fb0,1.17964,1.24317
329,fb1,1.88556,1.33025
329,fb2,1.32776,1.97552
330,fb0,1.17875,1.24317
330,fb1,1.88493,1.32879
330,fb2,1.32868,1.97514
331,fb0,1.17786,1.24316
331,fb1,1.8843,1.32732
331,fb2,1.32961,1.97477
332,fb0,1.17697,1.24316
332,fb1,1.88367,1.32585
332,fb2,1.33053,1.97439
333,fb0,1.17609,1.24315
333,fb1,1.88304,1.32438
333,fb2,1.33145,1.97401
334,fb0,1.17521,1.24315
334,fb1,1.88241,1.32291
334,fb2,1.33236,1.97363
335,fb0,1.17433,1.24314
335,fb1,1.88178,1.32144
335,fb2,1.33328,1.97324
336,fb0,1.17345,1.24314
336,fb1,1.88114,1.31997
336,fb2,1.33419,1.97285
337,fb0,1.17257,1.24313
337,fb1,1.88051,1.3185
337,fb2,1.3351,1.97245
338,fb0,1.1717,1.24313
338,fb1,1.87988,1.31702
338,fb2,1.33601,1.97205
339,fb0,1.17083,1.24312
339,fb1,1.87925,1.31555
339,fb2,1.33692,1.97165
340,fb0,1.16996,1.24312
340,fb1,1.87861,1.31407
340,fb2,1.33782,1.97125
341,fb0,1.16909,1.24311
341,fb1,1.87798,1.3126
341,fb2,1.33872,1.97084
342,fb0,1.16823,1.24311
342,fb1,1.87734,1.31112
342,fb2,1.33962,1.97043
343,fb0,1.16737,1.2431
343,fb1,1.87671,1.30964
343,fb2,1.34052,1.97002
344,fb0,1.16651,1.2431
344,fb1,1.87607,1.30816
344,fb2,1.34142,1.9696
345,fb0,1.16565,1.24309
345,fb1,1.87544,1.30668
345,fb2,1.34231,1.96918
346,fb0,1.1648,1.24309
346,fb1,1.8748,1.3052
346,fb2,1.3432,1.96876
347,fb0,1.16395,1.24308
347,fb1,1.87416,1.30371
347,fb2,1.34409,1.96833
348,fb0,1.1631,1.24308
348,fb1,1.87352,1.30223
348,fb2,1.34498,1.96791
349,fb0,1.16225,1.24307
349,fb1,1.87289,1.30075
349,fb2,1.34587,1.96747
350,fb0,1.16141,1.24307
350,fb1,1.87225,1.29926
350,fb2,1.34675,1.96704
351,fb0,1.16057,1.24306
351,fb1,1.87161,1.29777
351,fb2,1.34763,1.9666
352,fb0,1.15973,1.24306
352,fb1,1.87097,1.29629
352,fb2,1.34851,1.96616
353,fb0,1.15889,1.24305
353,fb1,1.87033,1.2948
353,fb2,1.34939,1.96572
354,fb0,1.15806,1.24305
354,fb1,1.86969,1.29331
354,fb2,1.35026,1.96527
355,fb0,1.15722,1.24305
355,fb1,1.86905,1.29182
355,fb2,1.35114,1.96482
356,fb0,1.15639,1.24304
356,fb1,1.86841,1.29033
356,fb2,1.35201,1.96437
357,fb0,1.15557,1.24304
357,fb1,1.86777,1.28884
357,fb2,1.35288,1.96391
358,fb0,1.15474,1.24303
358,fb1,1.86713,1.28734
358,fb2,1.35375,1.96345
359,fb0,1.15392,1.24303
359,fb1,1.86649,1.28585
359,fb2,1.35461,1.96299
360,fb0,1.1531,1.24302
360,fb1,1.86585,1.28436
360,fb2,1.35548,1.96253
361,fb0,1.15228,1.24302
361,fb1,1.8652,1.28286
361,fb2,1.35634,1.96206
362,fb0,1.15147,1.24301
362,fb1,1.86456,1.28136
362,fb2,1.3572,1.96159
363,fb0,1.15066,1.24301
363,fb1,1.86392,1.27987
363,fb2,1.35806,1.96112
364,fb0,1.14985,1.243
364,fb1,1.86328,1.27837
364,fb2,1.35892,1.96064
365,fb0,1.14904,1.243
365,fb1,1.86263,1.27687
365,fb2,1.35977,1.96016
366,fb0,1.14824,1.24299
366,fb1,1.86199,1.27537
366,fb2,1.36062,1.95968
367,fb0,1.14744,1.24299
367,fb1,1.86134,1.27387
367,fb2,1.36147,1.9592
368,fb0,1.14664,1.24299
368,fb1,1.8607,1.27237
368,fb2,1.36232,1.95871
369,fb0,1.14584,1.24298
369,fb1,1.86005,1.27087
369,fb2,1.36317,1.95822
370,fb0,1.14505,1.24298
370,fb1,1.85941,1.26937
370,fb2,1.36402,1.95773
371,fb0,1.14425,1.24297
371,fb1,1.85876,1.26786
371,fb2,1.36486,1.95723
372,fb0,1.14346,1.24297
372,fb1,1.85812,1.26636
372,fb2,1.3657,1.95673
373,fb0,1.14268,1.24296
373,fb1,1.85747,1.26486
373,fb2,1.36654,1.95623
374,fb0,1.14189,1.24296
374,fb1,1.85682,1.26335
374,fb2,1.36738,1.95573
375,fb0,1.14111,1.24295
375,fb1,1.85618,1.26184
375,fb2,1.36822,1.95522
376,fb0,1.14033,1.24295
376,fb1,1.85553,1.26034
376,fb2,1.36905,1.95471
377,fb0,1.13956,1.24295
377,fb1,1.85488,1.25883
377,fb2,1.36989,1.9542
378,fb0,1.13878,1.24294
378,fb1,1.85423,1.25732
378,fb2,1.37072,1.95369
379,fb0,1.13801,1.24294
379,fb1,1.85359,1.25581
379,fb2,1.37155,1.95317
380,fb0,1.13724,1.24293
380,fb1,1.85294,1.2543
380,fb2,1.37238,1.95265
381,fb0,1.13648,1.24293
381,fb1,1.85229,1.25279
381,fb2,1.3732,1.95213
382,fb0,1.13571,1.24292
382,fb1,1.85164,1.25128
382,fb2,1.37403,1.9516
383,fb0,1.13495,1.24292
383,fb1,1.85099,1.24977
383,fb2,1.37485,1.95107
384,fb0,1.1342,1.24292
384,fb1,1.85034,1.24826
384,fb2,1.37567,1.95054
385,fb0,1.13344,1.24291
385,fb1,1.84969,1.24675
385,fb2,1.37649,1.95001
386,fb0,1.13269,1.24291
386,fb1,1.84904,1.24524
386,fb2,1.37731,1.94947
387,fb0,1.13194,1.2429
387,fb1,1.84839,1.24372
387,fb2,1.37813,1.94893
388,fb0,1.13119,1.2429
388,fb1,1.84774,1.24221
388,fb2,1.37894,1.94839
389,fb0,1.13044,1.24289
389,fb1,1.84709,1.24069
389,fb2,1.37975,1.94784
390,fb0,1.1297,1.24289
390,fb1,1.84644,1.23918
390,fb2,1.38056,1.9473
391,fb0,1.12896,1.24289
391,fb1,1.84579,1.23766
391,fb2,1.38137,1.94675
392,fb0,1.12822,1.24288
392,fb1,1.84514,1.23615
392,fb2,1.38218,1.94619
393,fb0,1.12749,1.24288
393,fb1,1.84449,1.23463
393,fb2,1.38299,1.94564
394,fb0,1.12676,1.24287
394,fb1,1.84383,1.23311
394,fb2,1.38379,1.94508
395,fb0,1.12603,1.24287
395,fb1,1.84318,1.23159
395,fb2,1.3846,1.94452
396,fb0,1.1253,1.24287
396,fb1,1.84253,1.23007
396,fb2,1.3854,1.94396
397,fb0,1.12458,1.24286
397,fb1,1.84188,1.22856
397,fb2,1.3862,1.94339
398,fb0,1.12386,1.24286
398,fb1,1.84123,1.22704
398,fb2,1.38699,1.94282
399,fb0,1.12314,1.24285
399,fb1,1.84057,1.22552
399,fb2,1.38779,1.94225
400,fb0,1.12242,1.24285
400,fb1,1.83992,1.224
400,fb2,1.38859,1.94168
401,fb0,1.12171,1.24285
401,fb1,1.83927,1.22248
401,fb2,1.38938,1.9411
402,fb0,1.121,1.24284
402,fb1,1.83861,1.22095
402,fb2,1.39017,1.94053
403,fb0,1.12029,1.24284
403,fb1,1.83796,1.21943
403,fb2,1.39096,1.93994
404,fb0,1.11958,1.24283
404,fb1,1.83731,1.21791
404,fb2,1.39175,1.93936
405,fb0,1.11888,1.24283
405,fb1,1.83665,1.21639
405,fb2,1.39253,1.93877
406,fb0,1.11818,1.24283
406,fb1,1.836,1.21487
406,fb2,1.39332,1.93818
407,fb0,1.11748,1.24282
407,fb1,1.83534,1.21334
407,fb2,1.3941,1.93759
408,fb0,1.11679,1.24282
408,fb1,1.83469,1.21182
408,fb2,1.39488,1.937
409,fb0,1.1161,1.24281
409,fb1,1.83404,1.2103
409,fb2,1.39566,1.9364
410,fb0,1.11541,1.24281
410,fb1,1.83338,1.20877
410,fb2,1.39644,1.9358
411,fb0,1.11472,1.24281
411,fb1,1.83273,1.20725
411,fb2,1.39722,1.9352
412,fb0,1.11404,1.2428
412,fb1,1.83207,1.20572
412,fb2,1.39799,1.9346
413,fb0,1.11336,1.2428
413,fb1,1.83142,1.2042
413,fb2,1.39877,1.93399
414,fb0,1.11268,1.24279
414,fb1,1.83076,1.20267
414,fb2,1.39954,1.93338
415,fb0,1.112,1.24279
415,fb1,1.83011,1.20115
415,fb2,1.40031,1.93277
416,fb0,1.11133,1.24279
416,fb1,1.82945,1.19962
416,fb2,1.40108,1.93216
417,fb0,1.11066,1.24278
417,fb1,1.82879,1.1981
417,fb2,1.40184,1.93154
418,fb0,1.10999,1.24278
418,fb1,1.82814,1.19657
418,fb2,1.40261,1.93092
419,fb0,1.10933,1.24278
419,fb1,1.82748,1.19504
419,fb2,1.40337,1.9303
420,fb0,1.10866,1.24277
420,fb1,1.82683,1.19352
420,fb2,1.40413,1.92968
421,fb0,1.108,1.24277
421,fb1,1.82617,1.19199
421,fb2,1.4049,1.92905
422,fb0,1.10735,1.24276
422,fb1,1.82551,1.19046
422,fb2,1.40565,1.92842
423,fb0,1.10669,1.24276
423,fb1,1.82486,1.18893
423,fb2,1.40641,1.92779
424,fb0,1.10604,1.24276
424,fb1,1.8242,1.18741
424,fb2,1.40717,1.92716
425,fb0,1.10539,1.24275
425,fb1,1.82355,1.18588
425,fb2,1.40792,1.92652
426,fb0,1.10475,1.24275
426,fb1,1.82289,1.18435
426,fb2,1.40867,1.92589
427,fb0,1.1041,1.24275
427,fb1,1.82223,1.18282
427,fb2,1.40942,1.92524
428,fb0,1.10346,1.24274
428,fb1,1.82158,1.18129
428,fb2,1.41017,1.9246
429,fb0,1.10283,1.24274
429,fb1,1.82092,1.17976
429,fb2,1.41092,1.92396
430,fb0,1.10219,1.24274
430,fb1,1.82026,1.17824
430,fb2,1.41167,1.92331
431,fb0,1.10156,1.24273
431,fb1,1.81961,1.17671
431,fb2,1.41241,1.92266
432,fb0,1.10093,1.24273
432,fb1,1.81895,1.17518
432,fb2,1.41315,1.92201
433,fb0,1.1003,1.24272
433,fb1,1.81829,1.17365
433,fb2,1.41389,1.92135
434,fb0,1.09968,1.24272
434,fb1,1.81764,1.17212
434,fb2,1.41463,1.9207
435,fb0,1.09906,1.24272
435,fb1,1.81698,1.17059
435,fb2,1.41537,1.92004
436,fb0,1.09844,1.24271
436,fb1,1.81632,1.16906
436,fb2,1.41611,1.91938
437,fb0,1.09782,1.24271
437,fb1,1.81567,1.16753
437,fb2,1.41684,1.91871
438,fb0,1.09721,1.24271
438,fb1,1.81501,1.166
438,fb2,1.41757,1.91805
439,fb0,1.0966,1.2427
439,fb1,1.81435,1.16447
439,fb2,1.41831,1.91738
440,fb0,1.09599,1.2427
440,fb1,1.8137,1.16295
440,fb2,1.41904,1.91671
441,fb0,1.09539,1.2427
441,fb1,1.81304,1.16142
441,fb2,1.41976,1.91604
442,fb0,1.09478,1.24269
442,fb1,1.81238,1.15989
442,fb2,1.42049,1.91536
443,fb0,1.09418,1.24269
443,fb1,1.81172,1.15836
443,fb2,1.42121,1.91468
444,fb0,1.09359,1.24269
444,fb1,1.81107,1.15683
444,fb2,1.42194,1.91401
445,fb0,1.09299,1.24268
445,fb1,1.81041,1.1553
445,fb2,1.42266,1.91332
446,fb0,1.0924,1.24268
446,fb1,1.80975,1.15377
446,fb2,1.42338,1.91264
447,fb0,1.09181,1.24268
447,fb1,1.8091,1.15224
447,fb2,1.4241,1.91196
448,fb0,1.09123,1.24267
448,fb1,1.80844,1.15071
448,fb2,1.42481,1.91127
449,fb0,1.09064,1.24267
449,fb1,1.80778,1.14918
449,fb2,1.42553,1.91058
450,fb0,1.09006,1.24267
450,fb1,1.80713,1.14765
450,fb2,1.42624,1.90989
451,fb0,1.08949,1.24266
451,fb1,1.80647,1.14612
451,fb2,1.42695,1.90919
452,fb0,1.08891,1.24266
452,fb1,1.80581,1.14459
452,fb2,1.42766,1.9085
453,fb0,1.08834,1.24266
453,fb1,1.80516,1.14307
453,fb2,1.42837,1.9078
454,fb0,1.08777,1.24265
454,fb1,1.8045,1.14154
454,fb2,1.42908,1.9071
455,fb0,1.0872,1.24265
455,fb1,1.80384,1.14001
455,fb2,1.42978,1.9064
456,fb0,1.08664,1.24265
456,fb1,1.80319,1.13848
456,fb2,1.43049,1.90569
457,fb0,1.08608,1.24264
457,fb1,1.80253,1.13695
457,fb2,1.43119,1.90499
458,fb0,1.08552,1.24264
458,fb1,1.80187,1.13542
458,fb2,1.43189,1.90428
459,fb0,1.08496,1.24264
459,fb1,1.80122,1.1339
459,fb2,1.43259,1.90357
460,fb0,1.08441,1.24264
460,fb1,1.80056,1.13237
460,fb2,1.43328,1.90286
461,fb0,1.08386,1.24263
461,fb1,1.79991,1.13084
461,fb2,1.43398,1.90214
462,fb0,1.08331,1.24263
462,fb1,1.79925,1.12931
462,fb2,1.43467,1.90143
463,fb0,1.08277,1.24263
463,fb1,1.79859,1.12779
463,fb2,1.43536,1.90071
464,fb0,1.08223,1.24262
464,fb1,1.79794,1.12626
464,fb2,1.43605,1.89999
465,fb0,1.08169,1.24262
465,fb1,1.79728,1.12473
465,fb2,1.43674,1.89927
466,fb0,1.08115,1.24262
466,fb1,1.79663,1.12321
466,fb2,1.43743,1.89854
467,fb0,1.08062,1.24261
467,fb1,1.79597,1.12168
467,fb2,1.43811,1.89782
468,fb0,1.08009,1.24261
468,fb1,1.79531,1.12015
468,fb2,1.4388,1.89709
469,fb0,1.07956,1.24261
469,fb1,1.79466,1.11863
469,fb2,1.43948,1.89636
470,fb0,1.07903,1.24261
470,fb1,1.794,1.1171
470,fb2,1.44016,1.89563
471,fb0,1.07851,1.2426
471,fb1,1.79335,1.11558
471,fb2,1.44084,1.8949
472,fb0,1.07799,1.2426
472,fb1,1.79269,1.11405
472,fb2,1.44152,1.89416
473,fb0,1.07747,1.2426
473,fb1,1.79204,1.11253
473,fb2,1.44219,1.89343
474,fb0,1.07696,1.24259
474,fb1,1.79138,1.111
474,fb2,1.44287,1.89269
475,fb0,1.07645,1.24259
475,fb1,1.79073,1.10948
475,fb2,1.44354,1.89195
476,fb0,1.07594,1.24259
476,fb1,1.79008,1.10796
476,fb2,1.44421,1.89121
477,fb0,1.07543,1.24259
477,fb1,1.78942,1.10643
477,fb2,1.44488,1.89047
478,fb0,1.07493,1.24258
478,fb1,1.78877,1.10491
478,fb2,1.44554,1.88972
479,fb0,1.07442,1.24258
479,fb1,1.78811,1.10339
479,fb2,1.44621,1.88897
480,fb0,1.07393,1.24258
480,fb1,1.78746,1.10186
480,fb2,1.44687,1.88823
481,fb0,1.07343,1.24257
481,fb1,1.7868,1.10034
481,fb2,1.44754,1.88748
482,fb0,1.07294,1.24257
482,fb1,1.78615,1.09882
482,fb2,1.4482,1.88673
483,fb0,1.07245,1.24257
483,fb1,1.7855,1.0973
483,fb2,1.44886,1.88597
484,fb0,1.07196,1.24257
484,fb1,1.78484,1.09578
484,fb2,1.44951,1.88522
485,fb0,1.07147,1.24256
485,fb1,1.78419,1.09426
485,fb2,1.45017,1.88446
486,fb0,1.07099,1.24256
486,fb1,1.78354,1.09274
486,fb2,1.45082,1.8837
487,fb0,1.07051,1.24256
487,fb1,1.78289,1.09122
487,fb2,1.45148,1.88295
488,fb0,1.07003,1.24255
488,fb1,1.78223,1.0897
488,fb2,1.45213,1.88218
489,fb0,1.06956,1.24255
489,fb1,1.78158,1.08818
489,fb2,1.45278,1.88142
490,fb0,1.06909,1.24255
490,fb1,1.78093,1.08666
490,fb2,1.45343,1.88066
491,fb0,1.06862,1.24255
491,fb1,1.78028,1.08514
491,fb2,1.45407,1.87989
492,fb0,1.06815,1.24254
492,fb1,1.77962,1.08363
492,fb2,1.45472,1.87913
493,fb0,1.06769,1.24254
493,fb1,1.77897,1.08211
493,fb2,1.45536,1.87836
494,fb0,1.06722,1.24254
494,fb1,1.77832,1.08059
494,fb2,1.456,1.87759
495,fb0,1.06677,1.24254
495,fb1,1.77767,1.07908
495,fb2,1.45664,1.87682
496,fb0,1.06631,1.24253
496,fb1,1.77702,1.07756
496,fb2,1.45728,1.87605
497,fb0,1.06586,1.24253
497,fb1,1.77637,1.07605
497,fb2,1.45792,1.87527
498,fb0,1.0654,1.24253
498,fb1,1.77572,1.07453
498,fb2,1.45855,1.8745
499,fb0,1.06496,1.24253
499,fb1,1.77507,1.07302
499,fb2,1.45919,1.87372
500,fb0,1.06451,1.24252
500,fb1,1.77442,1.0715
500,fb2,1.45982,1.87295
501,fb0,1.06407,1.24252
501,fb1,1.77377,1.06999
501,fb2,1.46045,1.87217
502,fb0,1.06362,1.24252
502,fb1,1.77312,1.06848
502,fb2,1.46108,1.87139
503,fb0,1.06319,1.24252
503,fb1,1.77247,1.06697
503,fb2,1.4617,1.87061
504,fb0,1.06275,1.24251
504,fb1,1.77182,1.06546
504,fb2,1.46233,1.86982
505,fb0,1.06232,1.24251
505,fb1,1.77117,1.06395
505,fb2,1.46296,1.86904
506,fb0,1.06189,1.24251
506,fb1,1.77052,1.06244
506,fb2,1.46358,1.86825
507,fb0,1.06146,1.24251
507,fb1,1.76987,1.06093
507,fb2,1.4642,1.86747
508,fb0,1.06103,1.2425
508,fb1,1.76923,1.05942
508,fb2,1.46482,1.86668
509,fb0,1.06061,1.2425
509,fb1,1.76858,1.05791
509,fb2,1.46544,1.86589
510,fb0,1.06019,1.2425
510,fb1,1.76793,1.0564
510,fb2,1.46606,1.8651
511,fb0,1.05977,1.2425
511,fb1,1.76728,1.05489
511,fb2,1.46667,1.86431
512,fb0,1.05935,1.24249
512,fb1,1.76664,1.05339
512,fb2,1.46728,1.86352
513,fb0,1.05894,1.24249
513,fb1,1.76599,1.05188
513,fb2,1.4679,1.86273
514,fb0,1.05853,1.24249
514,fb1,1.76534,1.05038
514,fb2,1.46851,1.86193
515,fb0,1.05812,1.24249
515,fb1,1.7647,1.04887
515,fb2,1.46912,1.86114
516,fb0,1.05771,1.24249
516,fb1,1.76405,1.04737
516,fb2,1.46973,1.86034
517,fb0,1.05731,1.24248
517,fb1,1.7634,1.04586
517,fb2,1.47033,1.85954
518,fb0,1.05691,1.24248
518,fb1,1.76276,1.04436
518,fb2,1.47094,1.85874
519,fb0,1.05651,1.24248
519,fb1,1.76211,1.04286
519,fb2,1.47154,1.85794
520,fb0,1.05611,1.24248
520,fb1,1.76147,1.04136
520,fb2,1.47214,1.85714
521,fb0,1.05571,1.24247
521,fb1,1.76082,1.03986
521,fb2,1.47275,1.85634
522,fb0,1.05532,1.24247
522,fb1,1.76018,1.03836
522,fb2,1.47335,1.85554
523,fb0,1.05493,1.24247
523,fb1,1.75954,1.03686
523,fb2,1.47394,1.85474
524,fb0,1.05454,1.24247
524,fb1,1.75889,1.03536
524,fb2,1.47454,1.85393
525,fb0,1.05416,1.24247
525,fb1,1.75825,1.03386
525,fb2,1.47514,1.85313
526,fb0,1.05377,1.24246
526,fb1,1.75761,1.03236
526,fb2,1.47573,1.85232
527,fb0,1.05339,1.24246
527,fb1,1.75696,1.03087
527,fb2,1.47632,1.85151
528,fb0,1.05301,1.24246
528,fb1,1.75632,1.02937
528,fb2,1.47691,1.85071
529,fb0,1.05263,1.24246
529,fb1,1.75568,1.02788
529,fb2,1.47751,1.8499
530,fb0,1.05226,1.24245
530,fb1,1.75504,1.02638
530,fb2,1.4781,1.84909
531,fb0,1.05189,1.24245
531,fb1,1.75439,1.02489
531,fb2,1.47869,1.84828
532,fb0,1.05152,1.24245
532,fb1,1.75375,1.0234
532,fb2,1.47928,1.84748
533,fb0,1.05115,1.24245
533,fb1,1.75311,1.0219
533,fb2,1.47987,1.84667
534,fb0,1.05078,1.24245
534,fb1,1.75247,1.02041
534,fb2,1.48046,1.84586
535,fb0,1.05042,1.24244
535,fb1,1.75183,1.01892
535,fb2,1.48105,1.84505
536,fb0,1.05005,1.24244
536,fb1,1.75119,1.01743
536,fb2,1.48164,1.84424
537,fb0,1.04969,1.24244
537,fb1,1.75055,1.01594
537,fb2,1.48223,1.84344
538,fb0,1.04933,1.24244
538,fb1,1.74991,1.01445
538,fb2,1.48282,1.84263
539,fb0,1.04898,1.24244
539,fb1,1.74927,1.01297
539,fb2,1.48342,1.84182
540,fb0,1.04863,1.24243
540,fb1,1.74864,1.01148
540,fb2,1.48401,1.84101
541,fb0,1.04827,1.24243
541,fb1,1.748,1.01
541,fb2,1.4846,1.84021
542,fb0,1.04792,1.24243
542,fb1,1.74736,1.00851
542,fb2,1.48519,1.8394
543,fb0,1.04758,1.24243
543,fb1,1.74672,1.00703
543,fb2,1.48578,1.83859
544,fb0,1.04723,1.24242
544,fb1,1.74609,1.00554
544,fb2,1.48637,1.83778
545,fb0,1.04689,1.24242
545,fb1,1.74545,1.00406
545,fb2,1.48696,1.83697
546,fb0,1.04655,1.24242
546,fb1,1.74481,1.00258
546,fb2,1.48755,1.83616
547,fb0,1.04621,1.24241
547,fb1,1.74418,1.0011
547,fb2,1.48815,1.83536
548,fb0,1.04587,1.24241
548,fb1,1.74354,0.999619
548,fb2,1.48874,1.83455
549,fb0,1.04553,1.2424
549,fb1,1.74291,0.99814
549,fb2,1.48933,1.83374
550,fb0,1.0452,1.2424
550,fb1,1.74227,0.996662
550,fb2,1.48992,1.83293
551,fb0,1.04487,1.24239
551,fb1,1.74164,0.995185
551,fb2,1.49051,1.83212
552,fb0,1.04454,1.24239
552,fb1,1.741,0.993709
552,fb2,1.4911,1.83131
553,fb0,1.04421,1.24238
553,fb1,1.74037,0.992234
553,fb2,1.4917,1.8305
554,fb0,1.04389,1.24238
554,fb1,1.73973,0.99076
554,fb2,1.49229,1.8297
555,fb0,1.04356,1.24237
555,fb1,1.7391,0.989286
555,fb2,1.49288,1.82889
556,fb0,1.04324,1.24237
556,fb1,1.73847,0.987814
556,fb2,1.49347,1.82808
557,fb0,1.04292,1.24236
557,fb1,1.73784,0.986342
557,fb2,1.49406,1.82726
558,fb0,1.04261,1.24235
558,fb1,1.73721,0.984872
558,fb2,1.49465,1.82645
559,fb0,1.04229,1.24235
559,fb1,1.73657,0.983402
559,fb2,1.49524,1.82564
560,fb0,1.04198,1.24234
560,fb1,1.73594,0.981934
560,fb2,1.49584,1.82483
561,fb0,1.04166,1.24233
561,fb1,1.73531,0.980466
561,fb2,1.49643,1.82402
562,fb0,1.04135,1.24232
562,fb1,1.73468,0.978999
562,fb2,1.49702,1.82321
563,fb0,1.04104,1.24232
563,fb1,1.73405,0.977533
563,fb2,1.49761,1.8224
564,fb0,1.04074,1.24231
564,fb1,1.73342,0.976068
564,fb2,1.4982,1.82158
565,fb0,1.04043,1.2423
565,fb1,1.7328,0.974605
565,fb2,1.49879,1.82077
566,fb0,1.04013,1.24229
566,fb1,1.73217,0.973142
566,fb2,1.49938,1.81996
567,fb0,1.03983,1.24228
567,fb1,1.73154,0.97168
567,fb2,1.49997,1.81914
568,fb0,1.03953,1.24227
568,fb1,1.73091,0.970219
568,fb2,1.50056,1.81833
569,fb0,1.03923,1.24226
569,fb1,1.73028,0.968759
569,fb2,1.50115,1.81751
570,fb0,1.03893,1.24225
570,fb1,1.72966,0.9673
570,fb2,1.50174,1.8167
571,fb0,1.03864,1.24224
571,fb1,1.72903,0.965842
571,fb2,1.50234,1.81588
572,fb0,1.03834,1.24223
572,fb1,1.72841,0.964385
572,fb2,1.50293,1.81507
573,fb0,1.03805,1.24222
573,fb1,1.72778,0.962929
573,fb2,1.50352,1.81425
574,fb0,1.03776,1.24221
574,fb1,1.72716,0.961475
574,fb2,1.50411,1.81343
575,fb0,1.03747,1.2422
575,fb1,1.72653,0.960021
575,fb2,1.5047,1.81262
576,fb0,1.03718,1.24219
576,fb1,1.72591,0.958568
576,fb2,1.50529,1.8118
577,fb0,1.0369,1.24217
577,fb1,1.72528,0.957116
577,fb2,1.50588,1.81098
578,fb0,1.03661,1.24216
578,fb1,1.72466,0.955665
578,fb2,1.50646,1.81016
579,fb0,1.03614,1.24214
579,fb1,1.72418,0.954545
579,fb2,1.50705,1.80934
580,fb0,1.03565,1.24212
580,fb1,1.72371,0.953467
580,fb2,1.50764,1.80852
581,fb0,1.03516,1.24209
581,fb1,1.72322,0.952397
581,fb2,1.50823,1.8077
582,fb0,1.03467,1.24207
582,fb1,1.72273,0.951334
582,fb2,1.50882,1.80688
583,fb0,1.03419,1.24204
583,fb1,1.72223,0.95028
583,fb2,1.5094,1.80605
584,fb0,1.03372,1.24201
584,fb1,1.72171,0.949233
584,fb2,1.50999,1.80522
585,fb0,1.03324,1.24198
585,fb1,1.72119,0.948194
585,fb2,1.51057,1.8044
586,fb0,1.03277,1.24194
586,fb1,1.72067,0.947163
586,fb2,1.51116,1.80357
587,fb0,1.0323,1.24191
587,fb1,1.72013,0.94614
587,fb2,1.51174,1.80273
588,fb0,1.03184,1.24187
588,fb1,1.71958,0.945124
588,fb2,1.51232,1.8019
589,fb0,1.03138,1.24184
589,fb1,1.71903,0.944117
589,fb2,1.5129,1.80107
590,fb0,1.03092,1.2418
590,fb1,1.71847,0.943118
590,fb2,1.51348,1.80023
591,fb0,1.03046,1.24176
591,fb1,1.7179,0.942127
591,fb2,1.51406,1.7994
592,fb0,1.03001,1.24172
592,fb1,1.71733,0.941143
592,fb2,1.51463,1.79856
593,fb0,1.02956,1.24168
593,fb1,1.71675,0.940168
593,fb2,1.51521,1.79772
594,fb0,1.02911,1.24163
594,fb1,1.71616,0.9392
594,fb2,1.51578,1.79688
595,fb0,1.02867,1.24159
595,fb1,1.71556,0.938241
595,fb2,1.51635,1.79604
596,fb0,1.02823,1.24154
596,fb1,1.71496,0.937289
596,fb2,1.51692,1.79519
597,fb0,1.02779,1.2415
597,fb1,1.71435,0.936345
597,fb2,1.51749,1.79435
598,fb0,1.02736,1.24145
598,fb1,1.71374,0.935408
598,fb2,1.51806,1.7935
599,fb0,1.02693,1.2414
599,fb1,1.71312,0.93448
599,fb2,1.51863,1.79266
600,fb0,1.0265,1.24135
600,fb1,1.7125,0.933559
600,fb2,1.5192,1.79181
