1,fb0,1.28603,1.86868
1,fb1,1.74589,1.95255
1,fb2,1.16991,1.36182
2,fb0,1.28603,1.86868
2,fb1,1.74589,1.95255
2,fb2,1.16991,1.36182
3,fb0,1.28603,1.86868
3,fb1,1.74589,1.95255
3,fb2,1.16991,1.36182
4,fb0,1.28603,1.86868
4,fb1,1.74589,1.95255
4,fb2,1.16991,1.36182
5,fb0,1.28603,1.86868
5,fb1,1.74589,1.95255
5,fb2,1.16991,1.36182
6,fb0,1.28603,1.86868
6,fb1,1.74589,1.95255
6,fb2,1.17692,1.35635
7,fb0,1.28603,1.86868
7,fb1,1.74589,1.95255
7,fb2,1.18419,1.34949
8,fb0,1.28603,1.86868
8,fb1,1.74589,1.95255
8,fb2,1.19079,1.34198
9,fb0,1.28603,1.86868
9,fb1,1.74589,1.95255
9,fb2,1.19675,1.33395
10,fb0,1.28603,1.86868
10,fb1,1.74589,1.95255
10,fb2,1.20211,1.32551
11,fb0,1.28603,1.86868
11,fb1,1.74903,1.94472
11,fb2,1.20691,1.31674
12,fb0,1.28331,1.87715
12,fb1,1.75333,1.93629
12,fb2,1.21121,1.30772
13,fb0,1.27936,1.88633
13,fb1,1.7584,1.92819
13,fb2,1.21497,1.29866
14,fb0,1.27457,1.8951
14,fb1,1.76413,1.92042
14,fb2,1.21765,1.29136
15,fb0,1.26905,1.90344
15,fb1,1.77043,1.91299
15,fb2,1.21958,1.28556
16,fb0,1.26291,1.91133
16,fb1,1.77722,1.90587
16,fb2,1.22103,1.2809
17,fb0,1.25625,1.91879
17,fb1,1.78441,1.89904
17,fb2,1.22216,1.27711
18,fb0,1.24917,1.92584
18,fb1,1.79195,1.89249
18,fb2,1.22306,1.27401
19,fb0,1.24173,1.93252
19,fb1,1.79973,1.8862
19,fb2,1.22379,1.27145
20,fb0,1.23401,1.93888
20,fb1,1.80769,1.88015
20,fb2,1.2244,1.26934
21,fb0,1.22606,1.94494
21,fb1,1.81568,1.87439
21,fb2,1.2249,1.26759
22,fb0,1.21905,1.94997
22,fb1,1.82231,1.86977
22,fb2,1.22533,1.26612
23,fb0,1.21318,1.95399
23,fb1,1.82781,1.86596
23,fb2,1.22569,1.26486
24,fb0,1.20821,1.95728
24,fb1,1.83256,1.86269
24,fb2,1.22602,1.26375
25,fb0,1.20394,1.9601
25,fb1,1.83677,1.85978
25,fb2,1.22631,1.26274
26,fb0,1.20022,1.96255
26,fb1,1.84058,1.85709
26,fb2,1.2266,1.26182
27,fb0,1.19695,1.9647
27,fb1,1.84408,1.85455
27,fb2,1.22687,1.26094
28,fb0,1.19405,1.96661
28,fb1,1.84733,1.85211
28,fb2,1.22713,1.26011
29,fb0,1.19147,1.96831
29,fb1,1.8504,1.84972
29,fb2,1.22739,1.2593
30,fb0,1.18915,1.96984
30,fb1,1.85332,1.84735
30,fb2,1.22765,1.25851
31,fb0,1.18707,1.97121
31,fb1,1.8561,1.845
31,fb2,1.22792,1.25773
32,fb0,1.18519,1.97245
32,fb1,1.85878,1.84264
32,fb2,1.22819,1.25696
33,fb0,1.18349,1.97356
33,fb1,1.86136,1.84027
33,fb2,1.22847,1.25618
34,fb0,1.18196,1.97457
34,fb1,1.86385,1.83786
34,fb2,1.22875,1.25541
35,fb0,1.18058,1.97548
35,fb1,1.86626,1.83542
35,fb2,1.22905,1.25463
36,fb0,1.17933,1.97631
36,fb1,1.86859,1.83294
36,fb2,1.22935,1.25385
37,fb0,1.1782,1.97705
37,fb1,1.87086,1.83042
37,fb2,1.22967,1.25306
38,fb0,1.17718,1.97772
38,fb1,1.87305,1.82784
38,fb2,1.23,1.25227
39,fb0,1.17627,1.97832
39,fb1,1.87517,1.82522
39,fb2,1.23034,1.25147
40,fb0,1.17545,1.97886
40,fb1,1.87722,1.82255
40,fb2,1.2307,1.25067
41,fb0,1.17471,1.97935
41,fb1,1.87921,1.81983
41,fb2,1.23107,1.24986
42,fb0,1.17406,1.97978
42,fb1,1.88112,1.81706
42,fb2,1.23145,1.24905
43,fb0,1.17348,1.98016
43,fb1,1.88296,1.81424
43,fb2,1.23185,1.24823
44,fb0,1.17297,1.9805
44,fb1,1.88473,1.81137
44,fb2,1.23226,1.24741
45,fb0,1.17252,1.98079
45,fb1,1.88643,1.80845
45,fb2,1.23269,1.24658
46,fb0,1.17214,1.98105
46,fb1,1.88805,1.80548
46,fb2,1.23313,1.24575
47,fb0,1.17181,1.98126
47,fb1,1.8896,1.80248
47,fb2,1.23359,1.24493
48,fb0,1.17153,1.98145
48,fb1,1.89108,1.79943
48,fb2,1.23364,1.24484
49,fb0,1.17128,1.98161
49,fb1,1.89248,1.79635
49,fb2,1.23364,1.24484
50,fb0,1.17107,1.98175
50,fb1,1.8938,1.79323
50,fb2,1.23364,1.24484
51,fb0,1.17088,1.98188
51,fb1,1.89505,1.79008
51,fb2,1.23433,1.24433
52,fb0,1.17072,1.98198
52,fb1,1.89622,1.78689
52,fb2,1.23511,1.24378
53,fb0,1.17059,1.98208
53,fb1,1.89731,1.78369
53,fb2,1.23589,1.24324
54,fb0,1.17046,1.98216
54,fb1,1.89834,1.78045
54,fb2,1.23669,1.24271
55,fb0,1.17035,1.98224
55,fb1,1.89928,1.7772
55,fb2,1.23748,1.24218
56,fb0,1.17034,1.98224
56,fb1,1.90015,1.77393
56,fb2,1.23828,1.24167
57,fb0,1.17034,1.98224
57,fb1,1.90095,1.77064
57,fb2,1.23909,1.24116
58,fb0,1.17034,1.98224
58,fb1,1.90168,1.76735
58,fb2,1.2399,1.24066
59,fb0,1.17034,1.98224
59,fb1,1.90233,1.76404
59,fb2,1.2407,1.24017
60,fb0,1.17034,1.98224
60,fb1,1.90292,1.76072
60,fb2,1.24151,1.23969
61,fb0,1.17034,1.98224
61,fb1,1.90344,1.7574
61,fb2,1.24232,1.23922
62,fb0,1.17034,1.98224
62,fb1,1.90389,1.75408
62,fb2,1.24313,1.23876
63,fb0,1.17034,1.98224
63,fb1,1.90428,1.75076
63,fb2,1.24394,1.23832
64,fb0,1.17034,1.98224
64,fb1,1.9046,1.74744
64,fb2,1.24475,1.23788
65,fb0,1.17034,1.98224
65,fb1,1.90486,1.74412
65,fb2,1.24555,1.23746
66,fb0,1.17034,1.98224
66,fb1,1.90506,1.74082
66,fb2,1.24635,1.23704
67,fb0,1.17034,1.98224
67,fb1,1.9052,1.73752
67,fb2,1.24715,1.23664
68,fb0,1.17056,1.9825
68,fb1,1.90529,1.73423
68,fb2,1.24793,1.23625
69,fb0,1.17082,1.98278
69,fb1,1.90532,1.73095
69,fb2,1.24872,1.23587
70,fb0,1.1711,1.98308
70,fb1,1.90529,1.72769
70,fb2,1.24949,1.2355
71,fb0,1.17139,1.98339
71,fb1,1.90522,1.72445
71,fb2,1.25027,1.23515
72,fb0,1.1717,1.98372
72,fb1,1.9051,1.72122
72,fb2,1.25103,1.2348
73,fb0,1.17201,1.98405
73,fb1,1.90494,1.71802
73,fb2,1.25214,1.23431
74,fb0,1.17234,1.98439
74,fb1,1.90473,1.71483
74,fb2,1.25329,1.23383
75,fb0,1.17269,1.98475
75,fb1,1.90447,1.71168
75,fb2,1.25445,1.23336
76,fb0,1.17305,1.98511
76,fb1,1.90418,1.70854
76,fb2,1.25562,1.23292
77,fb0,1.17342,1.98548
77,fb1,1.90385,1.70544
77,fb2,1.25679,1.23249
78,fb0,1.17381,1.98587
78,fb1,1.90349,1.70236
78,fb2,1.25797,1.23209
79,fb0,1.17421,1.98626
79,fb1,1.90309,1.69931
79,fb2,1.25916,1.23171
80,fb0,1.17462,1.98666
80,fb1,1.90266,1.6963
80,fb2,1.26036,1.23134
81,fb0,1.17505,1.98707
81,fb1,1.9022,1.69332
81,fb2,1.26156,1.231
82,fb0,1.17549,1.98748
82,fb1,1.90172,1.69037
82,fb2,1.26277,1.23069
83,fb0,1.17595,1.9879
83,fb1,1.90121,1.68746
83,fb2,1.26399,1.23039
84,fb0,1.17642,1.98833
84,fb1,1.90068,1.68459
84,fb2,1.26521,1.23012
85,fb0,1.1769,1.98876
85,fb1,1.90013,1.68175
85,fb2,1.26643,1.22986
86,fb0,1.17739,1.98919
86,fb1,1.89956,1.67895
86,fb2,1.26766,1.22963
87,fb0,1.1779,1.98963
87,fb1,1.89898,1.6762
87,fb2,1.26889,1.22942
88,fb0,1.17843,1.99007
88,fb1,1.89838,1.67348
88,fb2,1.27013,1.22924
89,fb0,1.17896,1.99052
89,fb1,1.89777,1.67081
89,fb2,1.27137,1.22907
90,fb0,1.17951,1.99096
90,fb1,1.89715,1.66818
90,fb2,1.27261,1.22893
91,fb0,1.18007,1.99141
91,fb1,1.89652,1.66559
91,fb2,1.27385,1.22881
92,fb0,1.18064,1.99186
92,fb1,1.89589,1.66305
92,fb2,1.2751,1.22871
93,fb0,1.18122,1.99231
93,fb1,1.89525,1.66056
93,fb2,1.27635,1.22863
94,fb0,1.18181,1.99276
94,fb1,1.89461,1.65811
94,fb2,1.27759,1.22858
95,fb0,1.18242,1.99321
95,fb1,1.89397,1.65571
95,fb2,1.27884,1.22855
96,fb0,1.18304,1.99365
96,fb1,1.89334,1.65336
96,fb2,1.28009,1.22854
97,fb0,1.18366,1.9941
97,fb1,1.8927,1.65106
97,fb2,1.28134,1.22855
98,fb0,1.1843,1.99454
98,fb1,1.89208,1.6488
98,fb2,1.28259,1.22859
99,fb0,1.18495,1.99498
99,fb1,1.89147,1.6466
99,fb2,1.28384,1.22865
100,fb0,1.1856,1.99542
100,fb1,1.89087,1.64444
100,fb2,1.28509,1.22873
101,fb0,1.18627,1.99586
101,fb1,1.89028,1.64233
101,fb2,1.28634,1.22883
102,fb0,1.18695,1.99629
102,fb1,1.88971,1.64027
102,fb2,1.28758,1.22895
103,fb0,1.18763,1.99671
103,fb1,1.88916,1.63826
103,fb2,1.28882,1.2291
104,fb0,1.18832,1.99713
104,fb1,1.88862,1.6363
104,fb2,1.29006,1.22927
105,fb0,1.18903,1.99755
105,fb1,1.88809,1.63439
105,fb2,1.29129,1.22946
106,fb0,1.18973,1.99796
106,fb1,1.88757,1.63254
106,fb2,1.29253,1.22967
107,fb0,1.19045,1.99836
107,fb1,1.88707,1.63073
107,fb2,1.29375,1.22991
108,fb0,1.19117,1.99876
108,fb1,1.88659,1.62897
108,fb2,1.29498,1.23016
109,fb0,1.1919,1.99916
109,fb1,1.88611,1.62726
109,fb2,1.2962,1.23044
110,fb0,1.19264,1.99954
110,fb1,1.88565,1.62561
110,fb2,1.29741,1.23074
111,fb0,1.19338,1.99992
111,fb1,1.88521,1.624
111,fb2,1.29862,1.23107
112,fb0,1.19412,2.00029
112,fb1,1.88478,1.62243
112,fb2,1.29982,1.23141
113,fb0,1.19487,2.00066
113,fb1,1.88436,1.62092
113,fb2,1.30101,1.23177
114,fb0,1.19562,2.00102
114,fb1,1.88395,1.61944
114,fb2,1.3022,1.23216
115,fb0,1.19638,2.00136
115,fb1,1.88356,1.61801
115,fb2,1.30338,1.23257
116,fb0,1.19714,2.00171
116,fb1,1.88319,1.61662
116,fb2,1.30456,1.233
117,fb0,1.1979,2.00204
117,fb1,1.88283,1.61526
117,fb2,1.30573,1.23345
118,fb0,1.19867,2.00236
118,fb1,1.88249,1.61394
118,fb2,1.30688,1.23392
119,fb0,1.19943,2.00268
119,fb1,1.88216,1.61264
119,fb2,1.30803,1.23441
120,fb0,1.2002,2.00299
120,fb1,1.88184,1.61137
120,fb2,1.30917,1.23492
121,fb0,1.20096,2.00329
121,fb1,1.88154,1.61012
121,fb2,1.30929,1.23497
122,fb0,1.20173,2.00358
122,fb1,1.88125,1.60888
122,fb2,1.30929,1.23497
123,fb0,1.2025,2.00387
123,fb1,1.88096,1.60764
123,fb2,1.30929,1.23497
124,fb0,1.20328,2.00415
124,fb1,1.88069,1.6064
124,fb2,1.30929,1.23497
125,fb0,1.20406,2.00442
125,fb1,1.88042,1.60516
125,fb2,1.30929,1.23497
126,fb0,1.20484,2.00468
126,fb1,1.88017,1.60392
126,fb2,1.30929,1.23497
127,fb0,1.20563,2.00494
127,fb1,1.87992,1.60268
127,fb2,1.30929,1.23497
128,fb0,1.20642,2.00519
128,fb1,1.87969,1.60144
128,fb2,1.30945,1.23608
129,fb0,1.2072,2.00543
129,fb1,1.87946,1.60019
129,fb2,1.30947,1.23621
130,fb0,1.20798,2.00566
130,fb1,1.87924,1.59893
130,fb2,1.30947,1.23621
131,fb0,1.20876,2.00588
131,fb1,1.87904,1.59767
131,fb2,1.30947,1.23621
132,fb0,1.20955,2.0061
132,fb1,1.87884,1.5964
132,fb2,1.30947,1.23621
133,fb0,1.21034,2.00631
133,fb1,1.87866,1.59512
133,fb2,1.30947,1.23621
134,fb0,1.21113,2.00652
134,fb1,1.87848,1.59383
134,fb2,1.30947,1.23621
135,fb0,1.21193,2.00671
135,fb1,1.87832,1.59252
135,fb2,1.30947,1.23621
136,fb0,1.21273,2.00691
136,fb1,1.87817,1.59121
136,fb2,1.30796,1.23746
137,fb0,1.21351,2.00709
137,fb1,1.87804,1.58988
137,fb2,1.30625,1.23881
138,fb0,1.21428,2.00726
138,fb1,1.87791,1.58854
138,fb2,1.30449,1.24012
139,fb0,1.21504,2.00742
139,fb1,1.87781,1.58719
139,fb2,1.3027,1.2414
140,fb0,1.21578,2.00757
140,fb1,1.87771,1.58582
140,fb2,1.30089,1.24265
141,fb0,1.21651,2.00771
141,fb1,1.87763,1.58445
141,fb2,1.29905,1.24386
142,fb0,1.21723,2.00784
142,fb1,1.87756,1.58308
142,fb2,1.29718,1.24503
143,fb0,1.21793,2.00797
143,fb1,1.87751,1.58169
143,fb2,1.2953,1.24616
144,fb0,1.21862,2.00809
144,fb1,1.87747,1.5803
144,fb2,1.29341,1.24725
145,fb0,1.2193,2.0082
145,fb1,1.87745,1.57891
145,fb2,1.2915,1.24831
146,fb0,1.21996,2.00831
146,fb1,1.87744,1.57752
146,fb2,1.28959,1.24932
147,fb0,1.22062,2.00841
147,fb1,1.87744,1.57612
147,fb2,1.28767,1.25029
148,fb0,1.22127,2.00851
148,fb1,1.87745,1.57472
148,fb2,1.28576,1.25121
149,fb0,1.2219,2.0086
149,fb1,1.87748,1.57332
149,fb2,1.28384,1.2521
150,fb0,1.22253,2.00868
150,fb1,1.87752,1.57192
150,fb2,1.28193,1.25295
151,fb0,1.22316,2.00876
151,fb1,1.87757,1.57052
151,fb2,1.28002,1.25376
152,fb0,1.22377,2.00884
152,fb1,1.87763,1.56912
152,fb2,1.27812,1.25452
153,fb0,1.22438,2.00892
153,fb1,1.8777,1.56771
153,fb2,1.27624,1.25526
154,fb0,1.22498,2.00899
154,fb1,1.87778,1.56631
154,fb2,1.27437,1.25595
155,fb0,1.22558,2.00905
155,fb1,1.87787,1.56491
155,fb2,1.27252,1.25661
156,fb0,1.22618,2.00912
156,fb1,1.87796,1.5635
156,fb2,1.27068,1.25723
157,fb0,1.22677,2.00918
157,fb1,1.87807,1.5621
157,fb2,1.26886,1.25782
158,fb0,1.22736,2.00923
158,fb1,1.87818,1.56069
158,fb2,1.26706,1.25837
159,fb0,1.22794,2.00929
159,fb1,1.87831,1.55928
159,fb2,1.26528,1.2589
160,fb0,1.22853,2.00934
160,fb1,1.87843,1.55787
160,fb2,1.26353,1.25939
161,fb0,1.22911,2.00939
161,fb1,1.87857,1.55646
161,fb2,1.26179,1.25986
162,fb0,1.22969,2.00944
162,fb1,1.87871,1.55504
162,fb2,1.26009,1.2603
163,fb0,1.23028,2.00948
163,fb1,1.87886,1.55362
163,fb2,1.2584,1.26071
164,fb0,1.23086,2.00953
164,fb1,1.87901,1.5522
164,fb2,1.25674,1.2611
165,fb0,1.23145,2.00957
165,fb1,1.87916,1.55077
165,fb2,1.25511,1.26146
166,fb0,1.23203,2.00961
166,fb1,1.87932,1.54933
166,fb2,1.2535,1.2618
167,fb0,1.23262,2.00965
167,fb1,1.87948,1.54789
167,fb2,1.25191,1.26212
168,fb0,1.23321,2.00968
168,fb1,1.87964,1.54644
168,fb2,1.25035,1.26242
169,fb0,1.2338,2.00972
169,fb1,1.87981,1.54499
169,fb2,1.24882,1.2627
170,fb0,1.23439,2.00975
170,fb1,1.87997,1.54353
170,fb2,1.24731,1.26296
171,fb0,1.23499,2.00978
171,fb1,1.88013,1.54206
171,fb2,1.24582,1.2632
172,fb0,1.23559,2.00981
172,fb1,1.8803,1.54059
172,fb2,1.24436,1.26343
173,fb0,1.23619,2.00983
173,fb1,1.88047,1.5391
173,fb2,1.24292,1.26364
174,fb0,1.23679,2.00986
174,fb1,1.88063,1.53761
174,fb2,1.24151,1.26384
175,fb0,1.2374,2.00988
175,fb1,1.8808,1.53612
175,fb2,1.24012,1.26402
176,fb0,1.23802,2.0099
176,fb1,1.88097,1.53461
176,fb2,1.23876,1.26419
177,fb0,1.23863,2.00992
177,fb1,1.88114,1.5331
177,fb2,1.23741,1.26434
178,fb0,1.23925,2.00994
178,fb1,1.88131,1.53158
178,fb2,1.23609,1.26449
179,fb0,1.23988,2.00995
179,fb1,1.88148,1.53005
179,fb2,1.2348,1.26462
180,fb0,1.24051,2.00997
180,fb1,1.88165,1.52851
180,fb2,1.23352,1.26474
181,fb0,1.24114,2.00998
181,fb1,1.88182,1.52696
181,fb2,1.23227,1.26485
182,fb0,1.24178,2.00999
182,fb1,1.882,1.52541
182,fb2,1.23103,1.26495
183,fb0,1.24242,2.01
183,fb1,1.88217,1.52385
183,fb2,1.22982,1.26505
184,fb0,1.24307,2.01
184,fb1,1.88235,1.52228
184,fb2,1.22863,1.26513
185,fb0,1.24373,2.01001
185,fb1,1.88252,1.52071
185,fb2,1.22745,1.26521
186,fb0,1.24438,2.01001
186,fb1,1.8827,1.51912
186,fb2,1.2263,1.26527
187,fb0,1.24505,2.01001
187,fb1,1.88287,1.51753
187,fb2,1.22517,1.26534
188,fb0,1.24571,2.01001
188,fb1,1.88303,1.51593
188,fb2,1.22405,1.26539
189,fb0,1.24639,2.01
189,fb1,1.88319,1.51432
189,fb2,1.22296,1.26544
190,fb0,1.24706,2.00999
190,fb1,1.88335,1.51271
190,fb2,1.22188,1.26548
191,fb0,1.24775,2.00998
191,fb1,1.88351,1.51108
191,fb2,1.22081,1.26552
192,fb0,1.24844,2.00997
192,fb1,1.88365,1.50945
192,fb2,1.21977,1.26555
193,fb0,1.24913,2.00996
193,fb1,1.8838,1.50782
193,fb2,1.21874,1.26557
194,fb0,1.24983,2.00994
194,fb1,1.88393,1.50617
194,fb2,1.21772,1.2656
195,fb0,1.25053,2.00992
195,fb1,1.88406,1.50452
195,fb2,1.21673,1.26561
196,fb0,1.25124,2.0099
196,fb1,1.88419,1.50286
196,fb2,1.21574,1.26563
197,fb0,1.25195,2.00988
197,fb1,1.88431,1.5012
197,fb2,1.21477,1.26563
198,fb0,1.25267,2.00985
198,fb1,1.88442,1.49953
198,fb2,1.21382,1.26564
199,fb0,1.2534,2.00982
199,fb1,1.88453,1.49785
199,fb2,1.21288,1.26564
200,fb0,1.25412,2.00979
200,fb1,1.88463,1.49617
200,fb2,1.21195,1.26564
201,fb0,1.25486,2.00975
201,fb1,1.88472,1.49449
201,fb2,1.21103,1.26563
202,fb0,1.2556,2.00971
202,fb1,1.8848,1.49279
202,fb2,1.21013,1.26562
203,fb0,1.25634,2.00967
203,fb1,1.88488,1.4911
203,fb2,1.20923,1.26561
204,fb0,1.25709,2.00963
204,fb1,1.88495,1.48939
204,fb2,1.20835,1.2656
205,fb0,1.25784,2.00958
205,fb1,1.88502,1.48769
205,fb2,1.20748,1.26558
206,fb0,1.2586,2.00953
206,fb1,1.88507,1.48598
206,fb2,1.20662,1.26556
207,fb0,1.25936,2.00947
207,fb1,1.88512,1.48426
207,fb2,1.20578,1.26554
208,fb0,1.26013,2.00942
208,fb1,1.88516,1.48255
208,fb2,1.20494,1.26552
209,fb0,1.2609,2.00936
209,fb1,1.88519,1.48082
209,fb2,1.20411,1.26549
210,fb0,1.26167,2.00929
210,fb1,1.88521,1.4791
210,fb2,1.20329,1.26546
211,fb0,1.26245,2.00922
211,fb1,1.88523,1.47737
211,fb2,1.20247,1.26543
212,fb0,1.26324,2.00915
212,fb1,1.88523,1.47564
212,fb2,1.20167,1.2654
213,fb0,1.26402,2.00908
213,fb1,1.88523,1.4739
213,fb2,1.20088,1.26537
214,fb0,1.26482,2.009
214,fb1,1.88523,1.47217
214,fb2,1.20009,1.26533
215,fb0,1.26561,2.00892
215,fb1,1.88521,1.47043
215,fb2,1.19931,1.2653
216,fb0,1.26641,2.00884
216,fb1,1.88518,1.46869
216,fb2,1.19854,1.26526
217,fb0,1.26722,2.00875
217,fb1,1.88515,1.46694
217,fb2,1.19777,1.26522
218,fb0,1.26803,2.00866
218,fb1,1.88511,1.4652
218,fb2,1.19701,1.26518
219,fb0,1.26884,2.00856
219,fb1,1.88506,1.46345
219,fb2,1.19626,1.26514
220,fb0,1.26965,2.00846
220,fb1,1.885,1.4617
220,fb2,1.19552,1.2651
221,fb0,1.27047,2.00836
221,fb1,1.88493,1.45995
221,fb2,1.19478,1.26505
222,fb0,1.2713,2.00825
222,fb1,1.88486,1.4582
222,fb2,1.19404,1.26501
223,fb0,1.27212,2.00814
223,fb1,1.88477,1.45645
223,fb2,1.19331,1.26496
224,fb0,1.27295,2.00802
224,fb1,1.88468,1.4547
224,fb2,1.19259,1.26492
225,fb0,1.27379,2.0079
225,fb1,1.88458,1.45295
225,fb2,1.19187,1.26487
226,fb0,1.27462,2.00778
226,fb1,1.88448,1.4512
226,fb2,1.19116,1.26482
227,fb0,1.27546,2.00765
227,fb1,1.88436,1.44944
227,fb2,1.19045,1.26477
228,fb0,1.2763,2.00752
228,fb1,1.88424,1.44769
228,fb2,1.18974,1.26472
229,fb0,1.27715,2.00739
229,fb1,1.88411,1.44594
229,fb2,1.18904,1.26467
230,fb0,1.278,2.00725
230,fb1,1.88397,1.44419
230,fb2,1.18834,1.26462
231,fb0,1.27885,2.0071
231,fb1,1.88382,1.44243
231,fb2,1.18765,1.26456
232,fb0,1.2797,2.00695
232,fb1,1.88367,1.44068
232,fb2,1.18696,1.26451
233,fb0,1.28056,2.0068
233,fb1,1.88351,1.43893
233,fb2,1.18627,1.26446
234,fb0,1.28142,2.00664
234,fb1,1.88334,1.43718
234,fb2,1.18559,1.2644
235,fb0,1.28228,2.00648
235,fb1,1.88316,1.43543
235,fb2,1.18491,1.26434
236,fb0,1.28314,2.00632
236,fb1,1.88298,1.43368
236,fb2,1.18423,1.26429
237,fb0,1.28401,2.00615
237,fb1,1.88279,1.43193
237,fb2,1.18356,1.26423
238,fb0,1.28488,2.00597
238,fb1,1.88259,1.43019
238,fb2,1.18289,1.26417
239,fb0,1.28575,2.00579
239,fb1,1.88239,1.42844
239,fb2,1.18222,1.26412
240,fb0,1.28662,2.00561
240,fb1,1.88217,1.4267
240,fb2,1.18155,1.26406
241,fb0,1.2875,2.00542
241,fb1,1.88196,1.42495
241,fb2,1.18089,1.264
242,fb0,1.28837,2.00523
242,fb1,1.88173,1.42321
242,fb2,1.18022,1.26394
243,fb0,1.28925,2.00503
243,fb1,1.8815,1.42147
243,fb2,1.17956,1.26388
244,fb0,1.29013,2.00483
244,fb1,1.88126,1.41973
244,fb2,1.1789,1.26383
245,fb0,1.29102,2.00463
245,fb1,1.88102,1.41799
245,fb2,1.17825,1.26377
246,fb0,1.2919,2.00442
246,fb1,1.88077,1.41626
246,fb2,1.17759,1.26371
247,fb0,1.29279,2.0042
247,fb1,1.88051,1.41452
247,fb2,1.17694,1.26365
248,fb0,1.29367,2.00398
248,fb1,1.88025,1.41279
248,fb2,1.17628,1.2636
249,fb0,1.29456,2.00376
249,fb1,1.87998,1.41106
249,fb2,1.17563,1.26354
250,fb0,1.29545,2.00353
250,fb1,1.8797,1.40933
250,fb2,1.17498,1.26348
251,fb0,1.29634,2.0033
251,fb1,1.87942,1.4076
251,fb2,1.17433,1.26342
252,fb0,1.29723,2.00306
252,fb1,1.87914,1.40587
252,fb2,1.17369,1.26337
253,fb0,1.29813,2.00282
253,fb1,1.87884,1.40415
253,fb2,1.17304,1.26331
254,fb0,1.29902,2.00257
254,fb1,1.87855,1.40243
254,fb2,1.17239,1.26325
255,fb0,1.29992,2.00232
255,fb1,1.87824,1.40071
255,fb2,1.17175,1.2632
256,fb0,1.30081,2.00206
256,fb1,1.87794,1.39899
256,fb2,1.17111,1.26314
257,fb0,1.30171,2.0018
257,fb1,1.87762,1.39727
257,fb2,1.17046,1.26308
258,fb0,1.30261,2.00154
258,fb1,1.87731,1.39556
258,fb2,1.16982,1.26303
259,fb0,1.30351,2.00127
259,fb1,1.87698,1.39385
259,fb2,1.16918,1.26297
260,fb0,1.30441,2.001
260,fb1,1.87665,1.39213
260,fb2,1.16854,1.26292
261,fb0,1.3053,2.00072
261,fb1,1.87632,1.39043
261,fb2,1.1679,1.26286
262,fb0,1.3062,2.00043
262,fb1,1.87598,1.38872
262,fb2,1.16726,1.2628
263,fb0,1.30711,2.00015
263,fb1,1.87564,1.38701
263,fb2,1.16662,1.26275
264,fb0,1.30801,1.99985
264,fb1,1.8753,1.38531
264,fb2,1.16598,1.26269
265,fb0,1.30891,1.99956
265,fb1,1.87496,1.38361
265,fb2,1.16534,1.26264
266,fb0,1.30981,1.99925
266,fb1,1.87461,1.38191
266,fb2,1.1647,1.26258
267,fb0,1.31071,1.99895
267,fb1,1.87427,1.38021
267,fb2,1.16407,1.26252
268,fb0,1.31161,1.99864
268,fb1,1.87393,1.37851
268,fb2,1.16343,1.26247
269,fb0,1.31251,1.99832
269,fb1,1.87359,1.37681
269,fb2,1.16279,1.26241
270,fb0,1.31342,1.998
270,fb1,1.87325,1.37511
270,fb2,1.16216,1.26236
271,fb0,1.31432,1.99768
271,fb1,1.87291,1.37341
271,fb2,1.16153,1.2623
272,fb0,1.31522,1.99735
272,fb1,1.87256,1.37171
272,fb2,1.1609,1.26224
273,fb0,1.31612,1.99701
273,fb1,1.87222,1.37002
273,fb2,1.16026,1.26219
274,fb0,1.31703,1.99668
274,fb1,1.87188,1.36832
274,fb2,1.15963,1.26213
275,fb0,1.31793,1.99633
275,fb1,1.87154,1.36662
275,fb2,1.15901,1.26208
276,fb0,1.31883,1.99599
276,fb1,1.8712,1.36493
276,fb2,1.15838,1.26202
277,fb0,1.31973,1.99563
277,fb1,1.87086,1.36324
277,fb2,1.15775,1.26197
278,fb0,1.32064,1.99528
278,fb1,1.87052,1.36154
278,fb2,1.15713,1.26191
279,fb0,1.32154,1.99492
279,fb1,1.87018,1.35985
279,fb2,1.15651,1.26186
280,fb0,1.32244,1.99455
280,fb1,1.86984,1.35815
280,fb2,1.15588,1.2618
281,fb0,1.32334,1.99418
281,fb1,1.8695,1.35646
281,fb2,1.15527,1.26175
282,fb0,1.32424,1.99381
282,fb1,1.86916,1.35477
282,fb2,1.15465,1.2617
283,fb0,1.32514,1.99343
283,fb1,1.86881,1.35308
283,fb2,1.15403,1.26164
284,fb0,1.32604,1.99305
284,fb1,1.86847,1.35138
284,fb2,1.15342,1.26159
285,fb0,1.32694,1.99266
285,fb1,1.86813,1.34969
285,fb2,1.1528,1.26153
286,fb0,1.32784,1.99227
286,fb1,1.86778,1.348
286,fb2,1.15219,1.26148
287,fb0,1.32874,1.99187
287,fb1,1.86744,1.34631
287,fb2,1.15158,1.26143
288,fb0,1.32964,1.99147
288,fb1,1.86709,1.34462
288,fb2,1.15098,1.26137
289,fb0,1.33054,1.99106
289,fb1,1.86675,1.34293
289,fb2,1.15037,1.26132
290,fb0,1.33144,1.99066
290,fb1,1.8664,1.34124
290,fb2,1.14977,1.26127
291,fb0,1.33233,1.99024
291,fb1,1.86605,1.33956
291,fb2,1.14916,1.26121
292,fb0,1.33323,1.98982
292,fb1,1.8657,1.33787
292,fb2,1.14856,1.26116
293,fb0,1.33412,1.9894
293,fb1,1.86535,1.33618
293,fb2,1.14797,1.26111
294,fb0,1.33502,1.98897
294,fb1,1.865,1.33449
294,fb2,1.14737,1.26106
295,fb0,1.33591,1.98854
295,fb1,1.86465,1.3328
295,fb2,1.14677,1.261
296,fb0,1.33681,1.98811
296,fb1,1.86429,1.33112
296,fb2,1.14618,1.26095
297,fb0,1.3377,1.98767
297,fb1,1.86394,1.32943
297,fb2,1.14559,1.2609
298,fb0,1.33859,1.98722
298,fb1,1.86359,1.32774
298,fb2,1.145,1.26085
299,fb0,1.33948,1.98678
299,fb1,1.86323,1.32606
299,fb2,1.14442,1.2608
300,fb0,1.34037,1.98633
300,fb1,1.86288,1.32437
300,fb2,1.14383,1.26075
301,fb0,1.34126,1.98587
301,fb1,1.86252,1.32269
301,fb2,1.14325,1.2607
302,fb0,1.34215,1.98541
302,fb1,1.86216,1.321
302,fb2,1.14267,1.26064
303,fb0,1.34303,1.98494
303,fb1,1.8618,1.31932
303,fb2,1.14209,1.26059
304,fb0,1.34392,1.98448
304,fb1,1.86144,1.31764
304,fb2,1.14151,1.26054
305,fb0,1.3448,1.984
305,fb1,1.86108,1.31595
305,fb2,1.14094,1.26049
306,fb0,1.34568,1.98353
306,fb1,1.86071,1.31427
306,fb2,1.14037,1.26044
307,fb0,1.34657,1.98305
307,fb1,1.86035,1.31259
307,fb2,1.1398,1.26039
308,fb0,1.34745,1.98256
308,fb1,1.85998,1.3109
308,fb2,1.13923,1.26034
309,fb0,1.34833,1.98207
309,fb1,1.85962,1.30922
309,fb2,1.13866,1.26029
310,fb0,1.34921,1.98158
310,fb1,1.85925,1.30754
310,fb2,1.1381,1.26024
311,fb0,1.35008,1.98109
311,fb1,1.85888,1.30586
311,fb2,1.13753,1.26019
312,fb0,1.35096,1.98059
312,fb1,1.85851,1.30418
312,fb2,1.13697,1.26014
313,fb0,1.35183,1.98008
313,fb1,1.85814,1.3025
313,fb2,1.13641,1.2601
314,fb0,1.35271,1.97958
314,fb1,1.85777,1.30082
314,fb2,1.13586,1.26005
315,fb0,1.35358,1.97906
315,fb1,1.85739,1.29914
315,fb2,1.1353,1.26
316,fb0,1.35445,1.97855
316,fb1,1.85702,1.29746
316,fb2,1.13475,1.25995
317,fb0,1.35532,1.97803
317,fb1,1.85664,1.29578
317,fb2,1.1342,1.2599
318,fb0,1.35618,1.97751
318,fb1,1.85626,1.2941
318,fb2,1.13365,1.25985
319,fb0,1.35705,1.97698
319,fb1,1.85588,1.29242
319,fb2,1.13311,1.2598
320,fb0,1.35791,1.97645
320,fb1,1.8555,1.29074
320,fb2,1.13256,1.25976
321,fb0,1.35878,1.97592
321,fb1,1.85512,1.28907
321,fb2,1.13202,1.25971
322,fb0,1.35964,1.97538
322,fb1,1.85474,1.28739
322,fb2,1.13148,1.25966
323,fb0,1.3605,1.97484
323,fb1,1.85436,1.28571
323,fb2,1.13094,1.25961
324,fb0,1.36136,1.9743
324,fb1,1.85397,1.28403
324,fb2,1.13041,1.25957
325,fb0,1.36221,1.97375
325,fb1,1.85359,1.28236
325,fb2,1.12987,1.25952
326,fb0,1.36307,1.9732
326,fb1,1.8532,1.28068
326,fb2,1.12934,1.25947
327,fb0,1.36392,1.97265
327,fb1,1.85281,1.27901
327,fb2,1.12881,1.25943
328,fb0,1.36477,1.97209
328,fb1,1.85242,1.27733
328,fb2,1.12828,1.25938
329,fb0,1.36562,1.97153
329,fb1,1.85203,1.27566
329,fb2,1.12776,1.25934
330,fb0,1.36647,1.97097
330,fb1,1.85163,1.27399
330,fb2,1.12723,1.25929
331,fb0,1.36732,1.9704
331,fb1,1.85124,1.27231
331,fb2,1.12671,1.25924
332,fb0,1.36816,1.96983
332,fb1,1.85084,1.27064
332,fb2,1.12619,1.2592
333,fb0,1.36901,1.96926
333,fb1,1.85045,1.26897
333,fb2,1.12567,1.25915
334,fb0,1.36985,1.96868
334,fb1,1.85005,1.2673
334,fb2,1.12516,1.25911
335,fb0,1.37069,1.9681
335,fb1,1.84965,1.26563
335,fb2,1.12464,1.25906
336,fb0,1.37153,1.96752
336,fb1,1.84925,1.26396
336,fb2,1.12413,1.25902
337,fb0,1.37236,1.96693
337,fb1,1.84884,1.26229
337,fb2,1.12362,1.25897
338,fb0,1.3732,1.96634
338,fb1,1.84844,1.26062
338,fb2,1.12311,1.25893
339,fb0,1.37403,1.96575
339,fb1,1.84803,1.25895
339,fb2,1.1226,1.25888
340,fb0,1.37486,1.96516
340,fb1,1.84762,1.25728
340,fb2,1.1221,1.25884
341,fb0,1.37569,1.96456
341,fb1,1.84722,1.25561
341,fb2,1.1216,1.25879
342,fb0,1.37652,1.96396
342,fb1,1.84681,1.25394
342,fb2,1.1211,1.25875
343,fb0,1.37734,1.96336
343,fb1,1.84639,1.25228
343,fb2,1.1206,1.25871
344,fb0,1.37816,1.96275
344,fb1,1.84598,1.25061
344,fb2,1.1201,1.25866
345,fb0,1.37899,1.96214
345,fb1,1.84557,1.24894
345,fb2,1.11961,1.25862
346,fb0,1.37981,1.96153
346,fb1,1.84515,1.24728
346,fb2,1.11911,1.25858
347,fb0,1.38062,1.96091
347,fb1,1.84474,1.24561
347,fb2,1.11862,1.25853
348,fb0,1.38144,1.9603
348,fb1,1.84432,1.24395
348,fb2,1.11813,1.25849
349,fb0,1.38225,1.95968
349,fb1,1.8439,1.24228
349,fb2,1.11765,1.25845
350,fb0,1.38307,1.95905
350,fb1,1.84348,1.24062
350,fb2,1.11716,1.2584
351,fb0,1.38388,1.95843
351,fb1,1.84306,1.23896
351,fb2,1.11668,1.25836
352,fb0,1.38469,1.9578
352,fb1,1.84264,1.2373
352,fb2,1.1162,1.25832
353,fb0,1.38549,1.95717
353,fb1,1.84221,1.23563
353,fb2,1.11572,1.25828
354,fb0,1.3863,1.95654
354,fb1,1.84179,1.23397
354,fb2,1.11524,1.25824
355,fb0,1.3871,1.9559
355,fb1,1.84136,1.23231
355,fb2,1.11477,1.25819
356,fb0,1.3879,1.95527
356,fb1,1.84093,1.23065
356,fb2,1.11429,1.25815
357,fb0,1.3887,1.95463
357,fb1,1.8405,1.22899
357,fb2,1.11382,1.25811
358,fb0,1.3895,1.95398
358,fb1,1.84007,1.22734
358,fb2,1.11335,1.25807
359,fb0,1.39029,1.95334
359,fb1,1.83963,1.22568
359,fb2,1.11288,1.25803
360,fb0,1.39108,1.95269
360,fb1,1.8392,1.22402
360,fb2,1.11241,1.25799
361,fb0,1.39187,1.95204
361,fb1,1.83876,1.22236
361,fb2,1.11195,1.25795
362,fb0,1.39266,1.95139
362,fb1,1.83832,1.22071
362,fb2,1.11149,1.25791
363,fb0,1.39345,1.95074
363,fb1,1.83788,1.21905
363,fb2,1.11102,1.25787
364,fb0,1.39424,1.95008
364,fb1,1.83744,1.2174
364,fb2,1.11056,1.25783
365,fb0,1.39502,1.94942
365,fb1,1.837,1.21574
365,fb2,1.11011,1.25779
366,fb0,1.3958,1.94876
366,fb1,1.83655,1.21409
366,fb2,1.10965,1.25775
367,fb0,1.39658,1.9481
367,fb1,1.83611,1.21244
367,fb2,1.1092,1.25771
368,fb0,1.39736,1.94743
368,fb1,1.83566,1.21079
368,fb2,1.10874,1.25767
369,fb0,1.39813,1.94677
369,fb1,1.83521,1.20914
369,fb2,1.10829,1.25763
370,fb0,1.39891,1.9461
370,fb1,1.83476,1.20749
370,fb2,1.10784,1.25759
371,fb0,1.39968,1.94543
371,fb1,1.83431,1.20584
371,fb2,1.1074,1.25755
372,fb0,1.40045,1.94475
372,fb1,1.83385,1.20419
372,fb2,1.10695,1.25751
373,fb0,1.40122,1.94408
373,fb1,1.8334,1.20254
373,fb2,1.10651,1.25747
374,fb0,1.40199,1.9434
374,fb1,1.83294,1.2009
374,fb2,1.10606,1.25743
375,fb0,1.40275,1.94272
375,fb1,1.83248,1.19925
375,fb2,1.10562,1.25739
376,fb0,1.40351,1.94204
376,fb1,1.83202,1.1976
376,fb2,1.10518,1.25735
377,fb0,1.40427,1.94136
377,fb1,1.83156,1.19596
377,fb2,1.10475,1.25731
378,fb0,1.40503,1.94068
378,fb1,1.8311,1.19431
378,fb2,1.10431,1.25728
379,fb0,1.40579,1.93999
379,fb1,1.83064,1.19267
379,fb2,1.10387,1.25724
380,fb0,1.40654,1.93931
380,fb1,1.83017,1.19103
380,fb2,1.10344,1.2572
381,fb0,1.4073,1.93862
381,fb1,1.82971,1.18939
381,fb2,1.10301,1.25716
382,fb0,1.40805,1.93793
382,fb1,1.82924,1.18775
382,fb2,1.10258,1.25712
383,fb0,1.4088,1.93723
383,fb1,1.82877,1.18611
383,fb2,1.10215,1.25709
384,fb0,1.40955,1.93654
384,fb1,1.8283,1.18447
384,fb2,1.10173,1.25705
385,fb0,1.41029,1.93584
385,fb1,1.82782,1.18283
385,fb2,1.1013,1.25701
386,fb0,1.41104,1.93515
386,fb1,1.82735,1.18119
386,fb2,1.10088,1.25697
387,fb0,1.41178,1.93445
387,fb1,1.82687,1.17956
387,fb2,1.10045,1.25694
388,fb0,1.41252,1.93375
388,fb1,1.8264,1.17792
388,fb2,1.10003,1.2569
389,fb0,1.41326,1.93304
389,fb1,1.82592,1.17629
389,fb2,1.09961,1.25686
390,fb0,1.41399,1.93234
390,fb1,1.82544,1.17465
390,fb2,1.0992,1.25683
391,fb0,1.41473,1.93164
391,fb1,1.82495,1.17302
391,fb2,1.09878,1.25679
392,fb0,1.41546,1.93093
392,fb1,1.82447,1.17139
392,fb2,1.09837,1.25675
393,fb0,1.41619,1.93022
393,fb1,1.82398,1.16976
393,fb2,1.09795,1.25672
394,fb0,1.41692,1.92951
394,fb1,1.8235,1.16813
394,fb2,1.09754,1.25668
395,fb0,1.41765,1.9288
395,fb1,1.82301,1.1665
395,fb2,1.09713,1.25665
396,fb0,1.41838,1.92809
396,fb1,1.82252,1.16487
396,fb2,1.09672,1.25661
397,fb0,1.4191,1.92738
397,fb1,1.82202,1.16324
397,fb2,1.09631,1.25657
398,fb0,1.41983,1.92666
398,fb1,1.82153,1.16161
398,fb2,1.09591,1.25654
399,fb0,1.42055,1.92594
399,fb1,1.82103,1.15999
399,fb2,1.0955,1.2565
400,fb0,1.42127,1.92523
400,fb1,1.82054,1.15837
400,fb2,1.0951,1.25647
401,fb0,1.42198,1.92451
401,fb1,1.82004,1.15674
401,fb2,1.09469,1.25643
402,fb0,1.4227,1.92379
402,fb1,1.81954,1.15512
402,fb2,1.09429,1.2564
403,fb0,1.42342,1.92307
403,fb1,1.81904,1.1535
403,fb2,1.09389,1.25636
404,fb0,1.42413,1.92235
404,fb1,1.81854,1.15188
404,fb2,1.09349,1.25633
405,fb0,1.42484,1.92162
405,fb1,1.81803,1.15026
405,fb2,1.0931,1.25629
406,fb0,1.42555,1.9209
406,fb1,1.81752,1.14864
406,fb2,1.0927,1.25626
407,fb0,1.42626,1.92017
407,fb1,1.81701,1.14702
407,fb2,1.09231,1.25622
408,fb0,1.42696,1.91944
408,fb1,1.81651,1.14541
408,fb2,1.09191,1.25619
409,fb0,1.42767,1.91872
409,fb1,1.81599,1.14379
409,fb2,1.09152,1.25615
410,fb0,1.42837,1.91799
410,fb1,1.81548,1.14218
410,fb2,1.09113,1.25612
411,fb0,1.42907,1.91726
411,fb1,1.81496,1.14056
411,fb2,1.09074,1.25608
412,fb0,1.42978,1.91653
412,fb1,1.81445,1.13895
412,fb2,1.09035,1.25605
413,fb0,1.43047,1.91579
413,fb1,1.81393,1.13734
413,fb2,1.08996,1.25602
414,fb0,1.43117,1.91506
414,fb1,1.81341,1.13573
414,fb2,1.08957,1.25598
415,fb0,1.43187,1.91433
415,fb1,1.81289,1.13412
415,fb2,1.08919,1.25595
416,fb0,1.43256,1.91359
416,fb1,1.81237,1.13251
416,fb2,1.0888,1.25591
417,fb0,1.43325,1.91285
417,fb1,1.81184,1.13091
417,fb2,1.08842,1.25588
418,fb0,1.43395,1.91212
418,fb1,1.81132,1.1293
418,fb2,1.08804,1.25585
419,fb0,1.43464,1.91138
419,fb1,1.81079,1.1277
419,fb2,1.08766,1.25581
420,fb0,1.43533,1.91064
420,fb1,1.81026,1.12609
420,fb2,1.08728,1.25578
421,fb0,1.43601,1.9099
421,fb1,1.80973,1.12449
421,fb2,1.0869,1.25575
422,fb0,1.4367,1.90916
422,fb1,1.8092,1.12289
422,fb2,1.08652,1.25571
423,fb0,1.43738,1.90842
423,fb1,1.80866,1.12129
423,fb2,1.08614,1.25568
424,fb0,1.43807,1.90768
424,fb1,1.80813,1.11969
424,fb2,1.08576,1.25565
425,fb0,1.43875,1.90693
425,fb1,1.80759,1.1181
425,fb2,1.08539,1.25562
426,fb0,1.43943,1.90619
426,fb1,1.80705,1.1165
426,fb2,1.08501,1.25558
427,fb0,1.44012,1.90545
427,fb1,1.80651,1.11491
427,fb2,1.08464,1.25555
428,fb0,1.4408,1.90471
428,fb1,1.80596,1.11331
428,fb2,1.08427,1.25552
429,fb0,1.44148,1.90397
429,fb1,1.80542,1.11172
429,fb2,1.0839,1.25548
430,fb0,1.44217,1.90323
430,fb1,1.80487,1.11013
430,fb2,1.08353,1.25545
431,fb0,1.44285,1.90249
431,fb1,1.80432,1.10854
431,fb2,1.08316,1.25542
432,fb0,1.44353,1.90175
432,fb1,1.80377,1.10695
432,fb2,1.08279,1.25538
433,fb0,1.44422,1.901
433,fb1,1.80322,1.10536
433,fb2,1.08242,1.25535
434,fb0,1.4449,1.90026
434,fb1,1.80267,1.10378
434,fb2,1.08205,1.25532
435,fb0,1.44558,1.89952
435,fb1,1.80211,1.10219
435,fb2,1.08169,1.25528
436,fb0,1.44626,1.89878
436,fb1,1.80156,1.10061
436,fb2,1.08132,1.25525
437,fb0,1.44695,1.89804
437,fb1,1.801,1.09903
437,fb2,1.08096,1.25522
438,fb0,1.44763,1.8973
438,fb1,1.80044,1.09745
438,fb2,1.0806,1.25518
439,fb0,1.44831,1.89656
439,fb1,1.79988,1.09587
439,fb2,1.08024,1.25515
440,fb0,1.44899,1.89582
440,fb1,1.79931,1.09429
440,fb2,1.07988,1.25511
441,fb0,1.44968,1.89508
441,fb1,1.79875,1.09271
441,fb2,1.07952,1.25508
442,fb0,1.45036,1.89434
442,fb1,1.79818,1.09114
442,fb2,1.07916,1.25504
443,fb0,1.45104,1.8936
443,fb1,1.79761,1.08956
443,fb2,1.0788,1.25501
444,fb0,1.45172,1.89286
444,fb1,1.79704,1.08799
444,fb2,1.07845,1.25497
445,fb0,1.45241,1.89212
445,fb1,1.79647,1.08642
445,fb2,1.07809,1.25494
446,fb0,1.45309,1.89138
446,fb1,1.7959,1.08485
446,fb2,1.07774,1.2549
447,fb0,1.45377,1.89064
447,fb1,1.79532,1.08328
447,fb2,1.07739,1.25487
448,fb0,1.45446,1.8899
448,fb1,1.79475,1.08171
448,fb2,1.07703,1.25483
449,fb0,1.45514,1.88916
449,fb1,1.79417,1.08015
449,fb2,1.07668,1.25479
450,fb0,1.45582,1.88842
450,fb1,1.79359,1.07858
450,fb2,1.07634,1.25476
451,fb0,1.4565,1.88767
451,fb1,1.79301,1.07702
451,fb2,1.07599,1.25472
452,fb0,1.45718,1.88693
452,fb1,1.79242,1.07546
452,fb2,1.07564,1.25468
453,fb0,1.45787,1.88619
453,fb1,1.79184,1.0739
453,fb2,1.07529,1.25465
454,fb0,1.45855,1.88545
454,fb1,1.79125,1.07234
454,fb2,1.07495,1.25461
455,fb0,1.45923,1.8847
455,fb1,1.79066,1.07079
455,fb2,1.07461,1.25457
456,fb0,1.45991,1.88396
456,fb1,1.79008,1.06923
456,fb2,1.07426,1.25453
457,fb0,1.46059,1.88321
457,fb1,1.78949,1.06768
457,fb2,1.07392,1.2545
458,fb0,1.46127,1.88247
458,fb1,1.7889,1.06612
458,fb2,1.07358,1.25446
459,fb0,1.46195,1.88172
459,fb1,1.7883,1.06457
459,fb2,1.07324,1.25442
460,fb0,1.46263,1.88098
460,fb1,1.78771,1.06302
460,fb2,1.07291,1.25438
461,fb0,1.46331,1.88023
461,fb1,1.78711,1.06148
461,fb2,1.07257,1.25434
462,fb0,1.46399,1.87948
462,fb1,1.78651,1.05993
462,fb2,1.07223,1.2543
463,fb0,1.46467,1.87873
463,fb1,1.78591,1.05839
463,fb2,1.0719,1.25426
464,fb0,1.46535,1.87799
464,fb1,1.78531,1.05684
464,fb2,1.07157,1.25422
465,fb0,1.46603,1.87724
465,fb1,1.7847,1.0553
465,fb2,1.07123,1.25418
466,fb0,1.4667,1.87649
466,fb1,1.7841,1.05376
466,fb2,1.0709,1.25414
467,fb0,1.46738,1.87574
467,fb1,1.7835,1.05222
467,fb2,1.07057,1.2541
468,fb0,1.46806,1.87498
468,fb1,1.78289,1.05069
468,fb2,1.07024,1.25406
469,fb0,1.46873,1.87423
469,fb1,1.78228,1.04915
469,fb2,1.06991,1.25402
470,fb0,1.46941,1.87348
470,fb1,1.78167,1.04762
470,fb2,1.06959,1.25398
471,fb0,1.47009,1.87273
471,fb1,1.78106,1.04609
471,fb2,1.06926,1.25394
472,fb0,1.47076,1.87197
472,fb1,1.78044,1.04456
472,fb2,1.06894,1.2539
473,fb0,1.47144,1.87122
473,fb1,1.77983,1.04303
473,fb2,1.06861,1.25386
474,fb0,1.47211,1.87046
474,fb1,1.77921,1.0415
474,fb2,1.06829,1.25382
475,fb0,1.47278,1.8697
475,fb1,1.7786,1.03998
475,fb2,1.06797,1.25377
476,fb0,1.47346,1.86895
476,fb1,1.77798,1.03845
476,fb2,1.06765,1.25373
477,fb0,1.47413,1.86819
477,fb1,1.77736,1.03693
477,fb2,1.06733,1.25369
478,fb0,1.4748,1.86743
478,fb1,1.77674,1.03541
478,fb2,1.06701,1.25365
479,fb0,1.47548,1.86667
479,fb1,1.77611,1.03389
479,fb2,1.06669,1.2536
480,fb0,1.47615,1.86591
480,fb1,1.77549,1.03237
480,fb2,1.06637,1.25356
481,fb0,1.47682,1.86515
481,fb1,1.77486,1.03086
481,fb2,1.06606,1.25352
482,fb0,1.47749,1.86438
482,fb1,1.77424,1.02934
482,fb2,1.06574,1.25347
483,fb0,1.47816,1.86362
483,fb1,1.77361,1.02783
483,fb2,1.06543,1.25343
484,fb0,1.47883,1.86286
484,fb1,1.77298,1.02632
484,fb2,1.06512,1.25338
485,fb0,1.4795,1.86209
485,fb1,1.77235,1.02481
485,fb2,1.0648,1.25334
486,fb0,1.48016,1.86132
486,fb1,1.77171,1.0233
486,fb2,1.06449,1.25329
487,fb0,1.48083,1.86056
487,fb1,1.77108,1.0218
487,fb2,1.06418,1.25325
488,fb0,1.4815,1.85979
488,fb1,1.77045,1.02029
488,fb2,1.06387,1.2532
489,fb0,1.48217,1.85902
489,fb1,1.76981,1.01879
489,fb2,1.06357,1.25316
490,fb0,1.48283,1.85825
490,fb1,1.76917,1.01729
490,fb2,1.06326,1.25311
491,fb0,1.4835,1.85748
491,fb1,1.76853,1.01579
491,fb2,1.06295,1.25307
492,fb0,1.48416,1.85671
492,fb1,1.76789,1.01429
492,fb2,1.06265,1.25302
493,fb0,1.48483,1.85594
493,fb1,1.76725,1.0128
493,fb2,1.06234,1.25297
494,fb0,1.48549,1.85516
494,fb1,1.76661,1.01131
494,fb2,1.06204,1.25292
495,fb0,1.48615,1.85439
495,fb1,1.76597,1.00981
495,fb2,1.06173,1.25288
496,fb0,1.48682,1.85361
496,fb1,1.76532,1.00832
496,fb2,1.06143,1.25283
497,fb0,1.48748,1.85284
497,fb1,1.76467,1.00684
497,fb2,1.06113,1.25278
498,fb0,1.48814,1.85206
498,fb1,1.76403,1.00535
498,fb2,1.06083,1.25273
499,fb0,1.4888,1.85128
499,fb1,1.76338,1.00386
499,fb2,1.06053,1.25268
500,fb0,1.48946,1.8505
500,fb1,1.76273,1.00238
500,fb2,1.06023,1.25263
501,fb0,1.49012,1.84972
501,fb1,1.76208,1.0009
501,fb2,1.05993,1.25259
502,fb0,1.49078,1.84894
502,fb1,1.76143,0.999418
502,fb2,1.05964,1.25254
503,fb0,1.49144,1.84816
503,fb1,1.76077,0.99794
503,fb2,1.05934,1.25249
504,fb0,1.49209,1.84738
504,fb1,1.76012,0.996464
504,fb2,1.05905,1.25243
505,fb0,1.49275,1.84659
505,fb1,1.75946,0.99499
505,fb2,1.05875,1.25238
506,fb0,1.49341,1.84581
506,fb1,1.7588,0.993518
506,fb2,1.05846,1.25233
507,fb0,1.49406,1.84502
507,fb1,1.75815,0.992047
507,fb2,1.05816,1.25228
508,fb0,1.49472,1.84424
508,fb1,1.75749,0.990578
508,fb2,1.05787,1.25223
509,fb0,1.49537,1.84345
509,fb1,1.75683,0.989111
509,fb2,1.05758,1.25218
510,fb0,1.49602,1.84266
510,fb1,1.75617,0.987645
510,fb2,1.05729,1.25213
511,fb0,1.49668,1.84187
511,fb1,1.7555,0.986182
511,fb2,1.057,1.25207
512,fb0,1.49733,1.84108
512,fb1,1.75484,0.98472
512,fb2,1.05671,1.25202
513,fb0,1.49798,1.84028
513,fb1,1.75417,0.98326
513,fb2,1.05642,1.25197
514,fb0,1.49863,1.83949
514,fb1,1.75351,0.981802
514,fb2,1.05613,1.25191
515,fb0,1.49928,1.8387
515,fb1,1.75284,0.980346
515,fb2,1.05584,1.25186
516,fb0,1.49993,1.8379
516,fb1,1.75217,0.978891
516,fb2,1.05555,1.2518
517,fb0,1.50057,1.8371
517,fb1,1.7515,0.977438
517,fb2,1.05527,1.25175
518,fb0,1.50122,1.83631
518,fb1,1.75083,0.975988
518,fb2,1.05498,1.25169
519,fb0,1.50187,1.83551
519,fb1,1.75016,0.974538
519,fb2,1.0547,1.25164
520,fb0,1.50251,1.83471
520,fb1,1.74949,0.973092
520,fb2,1.05441,1.25158
521,fb0,1.50316,1.83391
521,fb1,1.74881,0.971647
521,fb2,1.05413,1.25153
522,fb0,1.5038,1.8331
522,fb1,1.74814,0.970203
522,fb2,1.05384,1.25147
523,fb0,1.50445,1.8323
523,fb1,1.74746,0.968761
523,fb2,1.05356,1.25141
524,fb0,1.50509,1.8315
524,fb1,1.74679,0.967321
524,fb2,1.05328,1.25135
525,fb0,1.50573,1.83069
525,fb1,1.74611,0.965883
525,fb2,1.05299,1.2513
526,fb0,1.50637,1.82988
526,fb1,1.74543,0.964447
526,fb2,1.05271,1.25124
527,fb0,1.50701,1.82908
527,fb1,1.74475,0.963013
527,fb2,1.05243,1.25118
528,fb0,1.50765,1.82827
528,fb1,1.74407,0.961581
528,fb2,1.05215,1.25112
529,fb0,1.50829,1.82746
529,fb1,1.74339,0.96015
529,fb2,1.05187,1.25106
530,fb0,1.50892,1.82665
530,fb1,1.7427,0.958722
530,fb2,1.05159,1.251
531,fb0,1.50956,1.82583
531,fb1,1.74202,0.957295
531,fb2,1.05131,1.25094
532,fb0,1.51019,1.82502
532,fb1,1.74133,0.95587
532,fb2,1.05103,1.25088
533,fb0,1.51083,1.82421
533,fb1,1.74065,0.954447
533,fb2,1.05075,1.25082
534,fb0,1.51146,1.82339
534,fb1,1.73996,0.953027
534,fb2,1.05047,1.25075
535,fb0,1.5121,1.82257
535,fb1,1.73927,0.951608
535,fb2,1.05019,1.25069
536,fb0,1.51273,1.82176
536,fb1,1.73858,0.950191
536,fb2,1.04992,1.25063
537,fb0,1.51336,1.82094
537,fb1,1.73789,0.948776
537,fb2,1.04964,1.25057
538,fb0,1.51399,1.82012
538,fb1,1.7372,0.947363
538,fb2,1.04936,1.2505
539,fb0,1.51462,1.81929
539,fb1,1.73651,0.945951
539,fb2,1.04909,1.25044
540,fb0,1.51524,1.81847
540,fb1,1.73582,0.944542
540,fb2,1.04881,1.25037
541,fb0,1.51587,1.81765
541,fb1,1.73527,0.943438
541,fb2,1.04827,1.25025
542,fb0,1.5165,1.81682
542,fb1,1.73474,0.942377
542,fb2,1.04771,1.25011
543,fb0,1.51713,1.81599
543,fb1,1.73419,0.941324
543,fb2,1.04717,1.24998
544,fb0,1.51775,1.81516
544,fb1,1.73363,0.94028
544,fb2,1.04663,1.24984
545,fb0,1.51838,1.81433
545,fb1,1.73307,0.939245
545,fb2,1.0461,1.24971
546,fb0,1.519,1.81349
546,fb1,1.7325,0.938219
546,fb2,1.04557,1.24958
547,fb0,1.51963,1.81265
547,fb1,1.73191,0.937202
547,fb2,1.04506,1.24945
548,fb0,1.52025,1.81181
548,fb1,1.73132,0.936194
548,fb2,1.04455,1.24932
549,fb0,1.52088,1.81097
549,fb1,1.73072,0.935195
549,fb2,1.04406,1.24918
550,fb0,1.5215,1.81012
550,fb1,1.73012,0.934205
550,fb2,1.04357,1.24905
551,fb0,1.52212,1.80928
551,fb1,1.7295,0.933224
551,fb2,1.04309,1.24892
552,fb0,1.52274,1.80842
552,fb1,1.72888,0.932251
552,fb2,1.04261,1.24879
553,fb0,1.52336,1.80757
553,fb1,1.72825,0.931288
553,fb2,1.04214,1.24867
554,fb0,1.52398,1.80672
554,fb1,1.72762,0.930333
554,fb2,1.04168,1.24854
555,fb0,1.5246,1.80586
555,fb1,1.72698,0.929388
555,fb2,1.04123,1.24841
556,fb0,1.52522,1.805
556,fb1,1.72633,0.928451
556,fb2,1.04078,1.24828
557,fb0,1.52583,1.80414
557,fb1,1.72567,0.927522
557,fb2,1.04034,1.24816
558,fb0,1.52645,1.80328
558,fb1,1.72501,0.926602
558,fb2,1.0399,1.24803
559,fb0,1.52706,1.80241
559,fb1,1.72435,0.925691
559,fb2,1.03947,1.2479
560,fb0,1.52767,1.80154
560,fb1,1.72367,0.924788
560,fb2,1.03904,1.24778
561,fb0,1.52828,1.80068
561,fb1,1.723,0.923894
561,fb2,1.03862,1.24765
562,fb0,1.52889,1.7998
562,fb1,1.72231,0.923008
562,fb2,1.03821,1.24753
563,fb0,1.5295,1.79893
563,fb1,1.72163,0.92213
563,fb2,1.0378,1.24741
564,fb0,1.5301,1.79806
564,fb1,1.72094,0.921261
564,fb2,1.03739,1.24728
565,fb0,1.53071,1.79718
565,fb1,1.72024,0.9204
565,fb2,1.03699,1.24716
566,fb0,1.53131,1.7963
566,fb1,1.71954,0.919548
566,fb2,1.0366,1.24704
567,fb0,1.53191,1.79542
567,fb1,1.71883,0.918704
567,fb2,1.03621,1.24692
568,fb0,1.53251,1.79454
568,fb1,1.71812,0.917868
568,fb2,1.03582,1.2468
569,fb0,1.5331,1.79366
569,fb1,1.71741,0.91704
569,fb2,1.03543,1.24667
570,fb0,1.5337,1.79278
570,fb1,1.7167,0.91622
570,fb2,1.03506,1.24655
571,fb0,1.53429,1.79189
571,fb1,1.71598,0.915409
571,fb2,1.03468,1.24643
572,fb0,1.53488,1.791
572,fb1,1.71526,0.914605
572,fb2,1.03431,1.24632
573,fb0,1.53547,1.79011
573,fb1,1.71453,0.91381
573,fb2,1.03394,1.2462
574,fb0,1.53606,1.78922
574,fb1,1.7138,0.913022
574,fb2,1.03357,1.24608
575,fb0,1.53664,1.78833
575,fb1,1.71307,0.912242
575,fb2,1.03321,1.24596
576,fb0,1.53723,1.78744
576,fb1,1.71234,0.91147
576,fb2,1.03285,1.24584
577,fb0,1.53781,1.78655
577,fb1,1.7116,0.910706
577,fb2,1.0325,1.24572
578,fb0,1.53839,1.78565
578,fb1,1.71086,0.909949
578,fb2,1.03215,1.24561
579,fb0,1.53896,1.78476
579,fb1,1.71012,0.909199
579,fb2,1.0318,1.24549
580,fb0,1.53954,1.78386
580,fb1,1.70938,0.908457
580,fb2,1.03145,1.24537
581,fb0,1.54011,1.78296
581,fb1,1.70864,0.907722
581,fb2,1.0311,1.24525
582,fb0,1.54068,1.78206
582,fb1,1.70789,0.906995
582,fb2,1.03076,1.24514
583,fb0,1.54125,1.78116
583,fb1,1.70715,0.906274
583,fb2,1.03042,1.24502
584,fb0,1.54181,1.78026
584,fb1,1.7064,0.905561
584,fb2,1.03008,1.24491
585,fb0,1.54237,1.77936
585,fb1,1.70565,0.904854
585,fb2,1.02975,1.24479
586,fb0,1.54294,1.77846
586,fb1,1.7049,0.904154
586,fb2,1.02942,1.24467
587,fb0,1.54349,1.77755
587,fb1,1.70415,0.903461
587,fb2,1.02909,1.24456
588,fb0,1.54405,1.77665
588,fb1,1.70339,0.902775
588,fb2,1.02876,1.24444
589,fb0,1.5446,1.77574
589,fb1,1.70264,0.902096
589,fb2,1.02843,1.24433
590,fb0,1.54515,1.77484
590,fb1,1.70189,0.901422
590,fb2,1.02811,1.24421
591,fb0,1.5457,1.77393
591,fb1,1.70113,0.900755
591,fb2,1.02778,1.2441
592,fb0,1.54625,1.77302
592,fb1,1.70038,0.900095
592,fb2,1.02746,1.24398
593,fb0,1.54679,1.77212
593,fb1,1.69962,0.89944
593,fb2,1.02714,1.24387
594,fb0,1.54733,1.77121
594,fb1,1.69886,0.898792
594,fb2,1.02682,1.24375
595,fb0,1.54787,1.7703
595,fb1,1.6981,0.89815
595,fb2,1.02651,1.24364
596,fb0,1.54841,1.76939
596,fb1,1.69735,0.897513
596,fb2,1.02619,1.24353
597,fb0,1.54894,1.76848
597,fb1,1.69659,0.896883
597,fb2,1.02588,1.24341
598,fb0,1.54947,1.76757
598,fb1,1.69583,0.896258
598,fb2,1.02557,1.2433
599,fb0,1.55,1.76666
599,fb1,1.69507,0.895639
599,fb2,1.02526,1.24318
600,fb0,1.55053,1.76575
600,fb1,1.69431,0.895025
600,fb2,1.02495,1.24307
