1,fb0,1.70555,1.73456
1,fb1,1.79197,1.37655
1,fb2,1.15913,1.82118
2,fb0,1.70678,1.74138
2,fb1,1.79962,1.37201
2,fb2,1.15712,1.82984
3,fb0,1.70794,1.74899
3,fb1,1.80787,1.36636
3,fb2,1.154,1.83934
4,fb0,1.70888,1.75662
4,fb1,1.81567,1.36011
4,fb2,1.14995,1.84848
5,fb0,1.70962,1.76427
5,fb1,1.82303,1.35334
5,fb2,1.14506,1.8572
6,fb0,1.71016,1.77191
6,fb1,1.82996,1.34614
6,fb2,1.13948,1.8654
7,fb0,1.71053,1.77956
7,fb1,1.83648,1.33856
7,fb2,1.13382,1.87249
8,fb0,1.71076,1.78719
8,fb1,1.84261,1.33066
8,fb2,1.12826,1.87858
9,fb0,1.71087,1.79479
9,fb1,1.84838,1.32249
9,fb2,1.12287,1.88385
10,fb0,1.71096,1.80237
10,fb1,1.8538,1.31409
10,fb2,1.1177,1.88844
11,fb0,1.71105,1.80993
11,fb1,1.85891,1.30549
11,fb2,1.11274,1.89248
12,fb0,1.71113,1.81745
12,fb1,1.8637,1.29672
12,fb2,1.108,1.89605
13,fb0,1.71122,1.82496
13,fb1,1.86822,1.2878
13,fb2,1.10349,1.89923
14,fb0,1.71131,1.83246
14,fb1,1.87246,1.27874
14,fb2,1.09918,1.90206
15,fb0,1.71147,1.83957
15,fb1,1.87645,1.26957
15,fb2,1.09507,1.90461
16,fb0,1.71171,1.84517
16,fb1,1.87998,1.26081
16,fb2,1.09116,1.9069
17,fb0,1.71201,1.84965
17,fb1,1.8828,1.25326
17,fb2,1.08744,1.90895
18,fb0,1.71236,1.85341
18,fb1,1.88507,1.24667
18,fb2,1.08392,1.9108
19,fb0,1.71275,1.85671
19,fb1,1.88696,1.24078
19,fb2,1.0806,1.91246
20,fb0,1.71319,1.85969
20,fb1,1.88856,1.23543
20,fb2,1.07746,1.91395
21,fb0,1.71368,1.86244
21,fb1,1.88992,1.23052
21,fb2,1.07449,1.9153
22,fb0,1.71422,1.86503
22,fb1,1.89109,1.22598
22,fb2,1.07169,1.91652
23,fb0,1.71482,1.86751
23,fb1,1.89211,1.22173
23,fb2,1.06904,1.91762
24,fb0,1.71548,1.8699
24,fb1,1.893,1.21773
24,fb2,1.06654,1.91862
25,fb0,1.7162,1.87222
25,fb1,1.89377,1.21396
25,fb2,1.06418,1.91952
26,fb0,1.71628,1.87245
26,fb1,1.89444,1.21038
26,fb2,1.06195,1.92035
27,fb0,1.71628,1.87245
27,fb1,1.89503,1.20691
27,fb2,1.05983,1.9211
28,fb0,1.71628,1.87245
28,fb1,1.89556,1.20355
28,fb2,1.0578,1.92179
29,fb0,1.71628,1.87245
29,fb1,1.89601,1.20028
29,fb2,1.05585,1.92243
30,fb0,1.71628,1.87245
30,fb1,1.89641,1.19709
30,fb2,1.05399,1.92302
31,fb0,1.71811,1.87352
31,fb1,1.89675,1.19397
31,fb2,1.0522,1.92357
32,fb0,1.72015,1.87462
32,fb1,1.89704,1.19094
32,fb2,1.05055,1.92406
33,fb0,1.72219,1.87565
33,fb1,1.89728,1.18799
33,fb2,1.04903,1.92449
34,fb0,1.72423,1.87661
34,fb1,1.89748,1.18511
34,fb2,1.04764,1.92487
35,fb0,1.72628,1.87751
35,fb1,1.89763,1.1823
35,fb2,1.04636,1.92521
36,fb0,1.72835,1.87836
36,fb1,1.89773,1.17954
36,fb2,1.04519,1.92551
37,fb0,1.73044,1.87915
37,fb1,1.8978,1.17684
37,fb2,1.04411,1.92578
38,fb0,1.73256,1.87987
38,fb1,1.89784,1.1742
38,fb2,1.04312,1.92602
39,fb0,1.73471,1.88054
39,fb1,1.89784,1.1716
39,fb2,1.0422,1.92623
40,fb0,1.73688,1.88115
40,fb1,1.8978,1.16904
40,fb2,1.04135,1.92642
41,fb0,1.7391,1.8817
41,fb1,1.89773,1.16653
41,fb2,1.04056,1.92659
42,fb0,1.74134,1.88219
42,fb1,1.89764,1.16406
42,fb2,1.03982,1.92674
43,fb0,1.74361,1.8826
43,fb1,1.89751,1.16162
43,fb2,1.03911,1.92688
44,fb0,1.74592,1.88295
44,fb1,1.89735,1.15922
44,fb2,1.03844,1.927
45,fb0,1.74826,1.88323
45,fb1,1.89717,1.15685
45,fb2,1.03778,1.92712
46,fb0,1.75063,1.88344
46,fb1,1.89696,1.1545
46,fb2,1.03771,1.92713
47,fb0,1.75302,1.88356
47,fb1,1.89672,1.15219
47,fb2,1.03771,1.92713
48,fb0,1.75545,1.88362
48,fb1,1.89646,1.14991
48,fb2,1.03771,1.92713
49,fb0,1.75789,1.88359
49,fb1,1.89618,1.14765
49,fb2,1.03771,1.92713
50,fb0,1.76036,1.88348
50,fb1,1.89587,1.14541
50,fb2,1.03771,1.92713
51,fb0,1.76285,1.88328
51,fb1,1.89553,1.1432
51,fb2,1.03771,1.92713
52,fb0,1.76534,1.883
52,fb1,1.89518,1.14101
52,fb2,1.03771,1.92713
53,fb0,1.76785,1.88264
53,fb1,1.8948,1.13884
53,fb2,1.03725,1.92663
54,fb0,1.77036,1.88219
54,fb1,1.8944,1.13669
54,fb2,1.03672,1.92604
55,fb0,1.77287,1.88165
55,fb1,1.89399,1.13456
55,fb2,1.03617,1.92542
56,fb0,1.77539,1.88102
56,fb1,1.89355,1.13244
56,fb2,1.0356,1.92476
57,fb0,1.7779,1.88031
57,fb1,1.89309,1.13034
57,fb2,1.03501,1.92406
58,fb0,1.7804,1.8795
58,fb1,1.89261,1.12825
58,fb2,1.03441,1.92333
59,fb0,1.78289,1.87861
59,fb1,1.89211,1.12618
59,fb2,1.03379,1.92255
60,fb0,1.78536,1.87763
60,fb1,1.89159,1.12412
60,fb2,1.03315,1.92174
61,fb0,1.78782,1.87656
61,fb1,1.89105,1.12208
61,fb2,1.0325,1.92088
62,fb0,1.79025,1.8754
62,fb1,1.8905,1.12005
62,fb2,1.03184,1.91998
63,fb0,1.79266,1.87416
63,fb1,1.88993,1.11802
63,fb2,1.03117,1.91904
64,fb0,1.79504,1.87283
64,fb1,1.88934,1.11601
64,fb2,1.03049,1.91806
65,fb0,1.79738,1.87141
65,fb1,1.88873,1.11401
65,fb2,1.02981,1.91703
66,fb0,1.79969,1.86992
66,fb1,1.8881,1.11202
66,fb2,1.02912,1.91596
67,fb0,1.80197,1.86834
67,fb1,1.88746,1.11003
67,fb2,1.02844,1.91485
68,fb0,1.8042,1.86669
68,fb1,1.8868,1.10806
68,fb2,1.02776,1.9137
69,fb0,1.80638,1.86496
69,fb1,1.88613,1.10608
69,fb2,1.02708,1.91251
70,fb0,1.80852,1.86315
70,fb1,1.88543,1.10412
70,fb2,1.02642,1.91128
71,fb0,1.8106,1.86128
71,fb1,1.88473,1.10216
71,fb2,1.02576,1.91001
72,fb0,1.81263,1.85934
72,fb1,1.884,1.10021
72,fb2,1.02512,1.9087
73,fb0,1.81461,1.85733
73,fb1,1.88326,1.09826
73,fb2,1.02449,1.90735
74,fb0,1.81653,1.85526
74,fb1,1.88251,1.09632
74,fb2,1.02387,1.90597
75,fb0,1.81839,1.85313
75,fb1,1.88173,1.09438
75,fb2,1.02328,1.90455
76,fb0,1.8202,1.85095
76,fb1,1.88095,1.09244
76,fb2,1.02271,1.9031
77,fb0,1.82194,1.84871
77,fb1,1.88015,1.0905
77,fb2,1.02216,1.90162
78,fb0,1.82362,1.84643
78,fb1,1.87933,1.08857
78,fb2,1.02163,1.90011
79,fb0,1.82523,1.8441
79,fb1,1.8785,1.08663
79,fb2,1.02113,1.89857
80,fb0,1.82678,1.84173
80,fb1,1.87765,1.0847
80,fb2,1.02065,1.897
81,fb0,1.82827,1.83932
81,fb1,1.87679,1.08277
81,fb2,1.02021,1.89541
82,fb0,1.82969,1.83687
82,fb1,1.87591,1.08084
82,fb2,1.01979,1.89379
83,fb0,1.83105,1.83439
83,fb1,1.87502,1.0789
83,fb2,1.0194,1.89215
84,fb0,1.83234,1.83188
84,fb1,1.87412,1.07697
84,fb2,1.01905,1.89049
85,fb0,1.83357,1.82935
85,fb1,1.8732,1.07504
85,fb2,1.01872,1.88881
86,fb0,1.83474,1.82679
86,fb1,1.87226,1.0731
86,fb2,1.01843,1.88711
87,fb0,1.83584,1.8242
87,fb1,1.87132,1.07116
87,fb2,1.01817,1.88539
88,fb0,1.83688,1.8216
88,fb1,1.87036,1.06922
88,fb2,1.01794,1.88366
89,fb0,1.83786,1.81898
89,fb1,1.86938,1.06727
89,fb2,1.01775,1.88192
90,fb0,1.83878,1.81635
90,fb1,1.86839,1.06533
90,fb2,1.01759,1.88016
91,fb0,1.83964,1.81371
91,fb1,1.86739,1.06338
91,fb2,1.01746,1.87839
92,fb0,1.84044,1.81106
92,fb1,1.86637,1.06143
92,fb2,1.01737,1.87661
93,fb0,1.84118,1.8084
93,fb1,1.86535,1.05947
93,fb2,1.01731,1.87482
94,fb0,1.84186,1.80573
94,fb1,1.86431,1.05751
94,fb2,1.01728,1.87303
95,fb0,1.84249,1.80306
95,fb1,1.86325,1.05554
95,fb2,1.01729,1.87123
96,fb0,1.84307,1.80039
96,fb1,1.86219,1.05358
96,fb2,1.01733,1.86942
97,fb0,1.84359,1.79772
97,fb1,1.86111,1.0516
97,fb2,1.0174,1.86762
98,fb0,1.84406,1.79505
98,fb1,1.86002,1.04963
98,fb2,1.01751,1.8658
99,fb0,1.84449,1.79238
99,fb1,1.85892,1.04764
99,fb2,1.01765,1.86399
100,fb0,1.84486,1.78972
100,fb1,1.85782,1.04565
100,fb2,1.01781,1.86218
101,fb0,1.84518,1.78706
101,fb1,1.85672,1.04365
101,fb2,1.01801,1.86036
102,fb0,1.84546,1.78441
102,fb1,1.85561,1.04164
102,fb2,1.01825,1.85855
103,fb0,1.8457,1.78176
103,fb1,1.8545,1.03963
103,fb2,1.01851,1.85674
104,fb0,1.84589,1.77912
104,fb1,1.85338,1.03761
104,fb2,1.0188,1.85493
105,fb0,1.84604,1.77649
105,fb1,1.85226,1.03557
105,fb2,1.01912,1.85313
106,fb0,1.84614,1.77387
106,fb1,1.85113,1.03354
106,fb2,1.01946,1.85133
107,fb0,1.84621,1.77126
107,fb1,1.85,1.03149
107,fb2,1.01984,1.84954
108,fb0,1.84624,1.76865
108,fb1,1.84887,1.02944
108,fb2,1.02024,1.84775
109,fb0,1.84623,1.76606
109,fb1,1.84773,1.02738
109,fb2,1.02067,1.84597
110,fb0,1.84619,1.76348
110,fb1,1.84659,1.02531
110,fb2,1.02112,1.8442
111,fb0,1.84611,1.76092
111,fb1,1.84544,1.02324
111,fb2,1.0216,1.84243
112,fb0,1.846,1.75836
112,fb1,1.8443,1.02117
112,fb2,1.02211,1.84068
113,fb0,1.84586,1.75582
113,fb1,1.84315,1.01908
113,fb2,1.02263,1.83893
114,fb0,1.84568,1.75329
114,fb1,1.84199,1.01699
114,fb2,1.02318,1.83719
115,fb0,1.84548,1.75077
115,fb1,1.84084,1.0149
115,fb2,1.02376,1.83546
116,fb0,1.84524,1.74826
116,fb1,1.83968,1.0128
116,fb2,1.02435,1.83374
117,fb0,1.84498,1.74577
117,fb1,1.83851,1.0107
117,fb2,1.02496,1.83204
118,fb0,1.84469,1.74329
118,fb1,1.83735,1.00859
118,fb2,1.02559,1.83034
119,fb0,1.84438,1.74083
119,fb1,1.83618,1.00648
119,fb2,1.02625,1.82866
120,fb0,1.84404,1.73838
120,fb1,1.83501,1.00436
120,fb2,1.02692,1.82698
121,fb0,1.84367,1.73594
121,fb1,1.83384,1.00224
121,fb2,1.0276,1.82532
122,fb0,1.84329,1.73351
122,fb1,1.83267,1.00012
122,fb2,1.02831,1.82368
123,fb0,1.84288,1.7311
123,fb1,1.8315,0.99799
123,fb2,1.02903,1.82204
124,fb0,1.84244,1.7287
124,fb1,1.83032,0.995862
124,fb2,1.02976,1.82042
125,fb0,1.84199,1.72632
125,fb1,1.82914,0.99373
125,fb2,1.03051,1.81881
126,fb0,1.84152,1.72395
126,fb1,1.82796,0.991597
126,fb2,1.03127,1.81722
127,fb0,1.84103,1.72159
127,fb1,1.82678,0.989461
127,fb2,1.03205,1.81564
128,fb0,1.84052,1.71924
128,fb1,1.8256,0.987324
128,fb2,1.03284,1.81407
129,fb0,1.84,1.71691
129,fb1,1.82442,0.985185
129,fb2,1.03364,1.81252
130,fb0,1.83946,1.71459
130,fb1,1.82324,0.983045
130,fb2,1.03445,1.81098
131,fb0,1.8389,1.71228
131,fb1,1.82206,0.980904
131,fb2,1.03527,1.80946
132,fb0,1.83833,1.70999
132,fb1,1.82087,0.978762
132,fb2,1.03609,1.80795
133,fb0,1.83774,1.70771
133,fb1,1.81969,0.97662
133,fb2,1.03693,1.80646
134,fb0,1.83714,1.70544
134,fb1,1.81851,0.974477
134,fb2,1.03777,1.80498
135,fb0,1.83652,1.70318
135,fb1,1.81732,0.972335
135,fb2,1.03863,1.80352
136,fb0,1.8359,1.70094
136,fb1,1.81614,0.970192
136,fb2,1.03948,1.80207
137,fb0,1.83526,1.6987
137,fb1,1.81496,0.96805
137,fb2,1.04035,1.80064
138,fb0,1.83461,1.69648
138,fb1,1.81377,0.965909
138,fb2,1.04121,1.79922
139,fb0,1.83395,1.69427
139,fb1,1.81259,0.963768
139,fb2,1.04209,1.79782
140,fb0,1.83328,1.69207
140,fb1,1.81141,0.961628
140,fb2,1.04296,1.79644
141,fb0,1.83261,1.68987
141,fb1,1.81023,0.959489
141,fb2,1.04384,1.79507
142,fb0,1.83192,1.68769
142,fb1,1.80905,0.957352
142,fb2,1.04472,1.79371
143,fb0,1.83123,1.68552
143,fb1,1.80787,0.955216
143,fb2,1.0456,1.79238
144,fb0,1.83052,1.68336
144,fb1,1.80669,0.953081
144,fb2,1.04648,1.79105
145,fb0,1.82981,1.68121
145,fb1,1.80551,0.950949
145,fb2,1.04737,1.78975
146,fb0,1.8291,1.67907
146,fb1,1.80433,0.948818
146,fb2,1.04825,1.78845
147,fb0,1.82838,1.67694
147,fb1,1.80316,0.946689
147,fb2,1.04913,1.78718
148,fb0,1.82766,1.67481
148,fb1,1.80198,0.944562
148,fb2,1.05001,1.78592
149,fb0,1.82694,1.67269
149,fb1,1.80081,0.942438
149,fb2,1.05089,1.78467
150,fb0,1.82622,1.67058
150,fb1,1.79964,0.940316
150,fb2,1.05177,1.78345
151,fb0,1.8255,1.66847
151,fb1,1.79847,0.938196
151,fb2,1.05264,1.78223
152,fb0,1.82479,1.66636
152,fb1,1.7973,0.936078
152,fb2,1.05351,1.78104
153,fb0,1.82408,1.66426
153,fb1,1.79613,0.933963
153,fb2,1.05437,1.77985
154,fb0,1.82337,1.66217
154,fb1,1.79496,0.931851
154,fb2,1.05524,1.77869
155,fb0,1.82266,1.66008
155,fb1,1.7938,0.929741
155,fb2,1.05609,1.77753
156,fb0,1.82195,1.658
156,fb1,1.79263,0.927634
156,fb2,1.05695,1.7764
157,fb0,1.82125,1.65592
157,fb1,1.79147,0.925529
157,fb2,1.05779,1.77528
158,fb0,1.82054,1.65384
158,fb1,1.79031,0.923428
158,fb2,1.05863,1.77417
159,fb0,1.81984,1.65177
159,fb1,1.78915,0.921329
159,fb2,1.05947,1.77308
160,fb0,1.81914,1.6497
160,fb1,1.78799,0.919232
160,fb2,1.0603,1.772
161,fb0,1.81844,1.64764
161,fb1,1.78684,0.917139
161,fb2,1.06112,1.77093
162,fb0,1.81774,1.64558
162,fb1,1.78568,0.915048
162,fb2,1.06193,1.76988
163,fb0,1.81704,1.64353
163,fb1,1.78453,0.91296
163,fb2,1.06274,1.76885
164,fb0,1.81634,1.64147
164,fb1,1.78338,0.910875
164,fb2,1.06354,1.76783
165,fb0,1.81565,1.63942
165,fb1,1.78223,0.908793
165,fb2,1.06433,1.76682
166,fb0,1.81495,1.63738
166,fb1,1.78108,0.906713
166,fb2,1.06511,1.76582
167,fb0,1.81426,1.63533
167,fb1,1.77993,0.904637
167,fb2,1.06588,1.76483
168,fb0,1.81357,1.63329
168,fb1,1.77878,0.902563
168,fb2,1.06663,1.76386
169,fb0,1.81287,1.63125
169,fb1,1.77764,0.900492
169,fb2,1.06738,1.7629
170,fb0,1.81218,1.62921
170,fb1,1.7765,0.898424
170,fb2,1.06812,1.76195
171,fb0,1.81149,1.62717
171,fb1,1.77536,0.896359
171,fb2,1.06886,1.76101
172,fb0,1.8108,1.62514
172,fb1,1.77422,0.894296
172,fb2,1.06958,1.76009
173,fb0,1.81011,1.6231
173,fb1,1.77308,0.892236
173,fb2,1.07029,1.75918
174,fb0,1.80942,1.62107
174,fb1,1.77194,0.890179
174,fb2,1.07099,1.75828
175,fb0,1.80873,1.61903
175,fb1,1.77081,0.888125
175,fb2,1.07168,1.75739
176,fb0,1.80804,1.617
176,fb1,1.76968,0.886073
176,fb2,1.07237,1.75652
177,fb0,1.80735,1.61497
177,fb1,1.76854,0.884024
177,fb2,1.07304,1.75565
178,fb0,1.80666,1.61294
178,fb1,1.76741,0.881978
178,fb2,1.07371,1.7548
179,fb0,1.80597,1.6109
179,fb1,1.76628,0.879934
179,fb2,1.07436,1.75396
180,fb0,1.80528,1.60887
180,fb1,1.76516,0.877892
180,fb2,1.07501,1.75313
181,fb0,1.80459,1.60684
181,fb1,1.76403,0.875853
181,fb2,1.07565,1.75231
182,fb0,1.8039,1.6048
182,fb1,1.7629,0.873816
182,fb2,1.07628,1.75151
183,fb0,1.80321,1.60277
183,fb1,1.76178,0.871782
183,fb2,1.0769,1.75071
184,fb0,1.80252,1.60073
184,fb1,1.76066,0.86975
184,fb2,1.07751,1.74993
185,fb0,1.80183,1.59869
185,fb1,1.75954,0.86772
185,fb2,1.07811,1.74916
186,fb0,1.80114,1.59665
186,fb1,1.75842,0.865692
186,fb2,1.07871,1.7484
187,fb0,1.80045,1.59461
187,fb1,1.7573,0.863666
187,fb2,1.07929,1.74764
188,fb0,1.79977,1.59256
188,fb1,1.75618,0.861642
188,fb2,1.07987,1.7469
189,fb0,1.7991,1.59051
189,fb1,1.75506,0.85962
189,fb2,1.08044,1.74617
190,fb0,1.79843,1.58845
190,fb1,1.75395,0.8576
190,fb2,1.081,1.74545
191,fb0,1.79777,1.58639
191,fb1,1.75283,0.855581
191,fb2,1.08155,1.74473
192,fb0,1.79712,1.58432
192,fb1,1.75172,0.853564
192,fb2,1.0821,1.74403
193,fb0,1.79648,1.58225
193,fb1,1.7506,0.851549
193,fb2,1.08264,1.74333
194,fb0,1.79584,1.58017
194,fb1,1.74949,0.849535
194,fb2,1.08316,1.74263
195,fb0,1.79521,1.57809
195,fb1,1.74838,0.847522
195,fb2,1.08368,1.74195
196,fb0,1.79459,1.576
196,fb1,1.74727,0.84551
196,fb2,1.0842,1.74127
197,fb0,1.79398,1.5739
197,fb1,1.74616,0.843499
197,fb2,1.0847,1.7406
198,fb0,1.79338,1.5718
198,fb1,1.74505,0.841489
198,fb2,1.0852,1.73994
199,fb0,1.79279,1.5697
199,fb1,1.74394,0.83948
199,fb2,1.08569,1.73928
200,fb0,1.7922,1.56759
200,fb1,1.74283,0.837471
200,fb2,1.08618,1.73862
201,fb0,1.79163,1.56547
201,fb1,1.74172,0.835463
201,fb2,1.08665,1.73797
202,fb0,1.79106,1.56335
202,fb1,1.74061,0.833456
202,fb2,1.08713,1.73733
203,fb0,1.79051,1.56122
203,fb1,1.7395,0.831449
203,fb2,1.08759,1.73669
204,fb0,1.78996,1.55908
204,fb1,1.73839,0.829442
204,fb2,1.08805,1.73605
205,fb0,1.78943,1.55694
205,fb1,1.73729,0.827436
205,fb2,1.0885,1.73542
206,fb0,1.7889,1.5548
206,fb1,1.73618,0.825429
206,fb2,1.08895,1.73479
207,fb0,1.78839,1.55265
207,fb1,1.73507,0.823423
207,fb2,1.08939,1.73416
208,fb0,1.78788,1.55049
208,fb1,1.73396,0.821416
208,fb2,1.08983,1.73354
209,fb0,1.78739,1.54833
209,fb1,1.73285,0.819409
209,fb2,1.09026,1.73292
210,fb0,1.7869,1.54617
210,fb1,1.73174,0.817402
210,fb2,1.09069,1.7323
211,fb0,1.78643,1.544
211,fb1,1.73063,0.815395
211,fb2,1.09111,1.73168
212,fb0,1.78597,1.54182
212,fb1,1.72953,0.813388
212,fb2,1.09153,1.73107
213,fb0,1.78551,1.53964
213,fb1,1.72842,0.811379
213,fb2,1.09195,1.73046
214,fb0,1.78507,1.53745
214,fb1,1.72731,0.809371
214,fb2,1.09236,1.72985
215,fb0,1.78464,1.53527
215,fb1,1.7262,0.807362
215,fb2,1.09276,1.72924
216,fb0,1.78422,1.53307
216,fb1,1.72509,0.805352
216,fb2,1.09316,1.72863
217,fb0,1.78381,1.53087
217,fb1,1.72398,0.803341
217,fb2,1.09356,1.72802
218,fb0,1.78342,1.52867
218,fb1,1.72287,0.80133
218,fb2,1.09395,1.72741
219,fb0,1.78303,1.52647
219,fb1,1.72175,0.799318
219,fb2,1.09434,1.7268
220,fb0,1.78265,1.52426
220,fb1,1.72064,0.797305
220,fb2,1.09473,1.72619
221,fb0,1.78229,1.52205
221,fb1,1.71953,0.795291
221,fb2,1.09511,1.72559
222,fb0,1.78193,1.51984
222,fb1,1.71842,0.793277
222,fb2,1.09548,1.72498
223,fb0,1.78159,1.51762
223,fb1,1.7173,0.791261
223,fb2,1.09586,1.72437
224,fb0,1.78126,1.5154
224,fb1,1.71619,0.789245
224,fb2,1.09623,1.72377
225,fb0,1.78094,1.51318
225,fb1,1.71508,0.787227
225,fb2,1.09659,1.72316
226,fb0,1.78062,1.51095
226,fb1,1.71396,0.785209
226,fb2,1.09696,1.72255
227,fb0,1.78032,1.50873
227,fb1,1.71284,0.78319
227,fb2,1.09732,1.72194
228,fb0,1.78003,1.5065
228,fb1,1.71173,0.781169
228,fb2,1.09767,1.72133
229,fb0,1.77975,1.50427
229,fb1,1.71061,0.779148
229,fb2,1.09803,1.72073
230,fb0,1.77948,1.50204
230,fb1,1.7095,0.777126
230,fb2,1.09838,1.72012
231,fb0,1.77922,1.49981
231,fb1,1.70838,0.775103
231,fb2,1.09872,1.71951
232,fb0,1.77897,1.49757
232,fb1,1.70726,0.773078
232,fb2,1.09907,1.7189
233,fb0,1.77873,1.49534
233,fb1,1.70614,0.771053
233,fb2,1.09941,1.71829
234,fb0,1.7785,1.4931
234,fb1,1.70502,0.769027
234,fb2,1.09974,1.71767
235,fb0,1.77828,1.49087
235,fb1,1.7039,0.767001
235,fb2,1.10008,1.71706
236,fb0,1.77826,1.49065
236,fb1,1.70278,0.764973
236,fb2,1.10041,1.71645
237,fb0,1.77826,1.49065
237,fb1,1.70168,0.762977
237,fb2,1.10073,1.71583
238,fb0,1.77826,1.49065
238,fb1,1.7006,0.761018
238,fb2,1.10106,1.71522
239,fb0,1.77826,1.49065
239,fb1,1.69954,0.759096
239,fb2,1.10138,1.7146
240,fb0,1.77859,1.48999
240,fb1,1.69849,0.757209
240,fb2,1.1017,1.71398
241,fb0,1.77897,1.48927
241,fb1,1.69746,0.755346
241,fb2,1.10202,1.71336
242,fb0,1.77935,1.48856
242,fb1,1.69645,0.753505
242,fb2,1.10233,1.71273
243,fb0,1.77974,1.48785
243,fb1,1.69544,0.751684
243,fb2,1.10264,1.7121
244,fb0,1.78013,1.48715
244,fb1,1.69445,0.749885
244,fb2,1.10295,1.71147
245,fb0,1.78052,1.48646
245,fb1,1.69346,0.748105
245,fb2,1.10326,1.71084
246,fb0,1.78092,1.48576
246,fb1,1.69249,0.746345
246,fb2,1.10356,1.7102
247,fb0,1.78132,1.48507
247,fb1,1.69153,0.744604
247,fb2,1.10386,1.70957
248,fb0,1.78172,1.48439
248,fb1,1.69058,0.742881
248,fb2,1.10416,1.70893
249,fb0,1.78213,1.48371
249,fb1,1.68964,0.741177
249,fb2,1.10446,1.70828
250,fb0,1.78254,1.48303
250,fb1,1.68871,0.73949
250,fb2,1.10475,1.70764
251,fb0,1.78296,1.48235
251,fb1,1.68778,0.73782
251,fb2,1.10505,1.70699
252,fb0,1.78338,1.48167
252,fb1,1.68687,0.736167
252,fb2,1.10533,1.70634
253,fb0,1.78381,1.481
253,fb1,1.68572,0.734079
253,fb2,1.10536,1.70628
254,fb0,1.78423,1.48033
254,fb1,1.68457,0.731982
254,fb2,1.10536,1.70628
255,fb0,1.78465,1.47967
255,fb1,1.68346,0.729926
255,fb2,1.10536,1.70628
256,fb0,1.78507,1.47903
256,fb1,1.68239,0.727912
256,fb2,1.10536,1.70628
257,fb0,1.78549,1.47839
257,fb1,1.68135,0.725936
257,fb2,1.10536,1.70628
258,fb0,1.7859,1.47775
258,fb1,1.68034,0.723999
258,fb2,1.10536,1.70628
259,fb0,1.78632,1.47712
259,fb1,1.67936,0.722099
259,fb2,1.10536,1.70628
260,fb0,1.78673,1.4765
260,fb1,1.67841,0.720235
260,fb2,1.10536,1.70628
261,fb0,1.78715,1.47589
261,fb1,1.67749,0.718405
261,fb2,1.10458,1.70538
262,fb0,1.78755,1.47528
262,fb1,1.67659,0.716609
262,fb2,1.10371,1.70443
263,fb0,1.78795,1.47469
263,fb1,1.67571,0.714846
263,fb2,1.10287,1.70354
264,fb0,1.78834,1.47412
264,fb1,1.67486,0.713114
264,fb2,1.10206,1.70269
265,fb0,1.78873,1.47355
265,fb1,1.67403,0.711413
265,fb2,1.10127,1.70189
266,fb0,1.78911,1.473
266,fb1,1.67323,0.709743
266,fb2,1.10051,1.70114
267,fb0,1.78948,1.47245
267,fb1,1.67243,0.708103
267,fb2,1.09978,1.70043
268,fb0,1.78985,1.47192
268,fb1,1.67166,0.706494
268,fb2,1.09907,1.69976
269,fb0,1.79021,1.47139
269,fb1,1.67089,0.704915
269,fb2,1.09839,1.69913
270,fb0,1.79057,1.47086
270,fb1,1.67015,0.703364
270,fb2,1.09774,1.69853
271,fb0,1.79092,1.47034
271,fb1,1.66941,0.701841
271,fb2,1.09712,1.69797
272,fb0,1.79128,1.46982
272,fb1,1.66869,0.700344
272,fb2,1.09652,1.69744
273,fb0,1.79163,1.46931
273,fb1,1.66798,0.698873
273,fb2,1.09595,1.69694
274,fb0,1.79198,1.4688
274,fb1,1.66728,0.697427
274,fb2,1.0954,1.69648
275,fb0,1.79232,1.46829
275,fb1,1.66659,0.696004
275,fb2,1.09488,1.69604
276,fb0,1.79267,1.46779
276,fb1,1.66592,0.694605
276,fb2,1.09439,1.69562
277,fb0,1.79301,1.46728
277,fb1,1.66525,0.693228
277,fb2,1.09392,1.69524
278,fb0,1.79336,1.46677
278,fb1,1.6646,0.691873
278,fb2,1.09347,1.69487
279,fb0,1.7937,1.46626
279,fb1,1.66395,0.690539
279,fb2,1.09305,1.69453
280,fb0,1.79405,1.46575
280,fb1,1.66332,0.689225
280,fb2,1.09266,1.69422
281,fb0,1.79439,1.46524
281,fb1,1.66269,0.687931
281,fb2,1.09228,1.69392
282,fb0,1.79473,1.46473
282,fb1,1.66208,0.686655
282,fb2,1.09193,1.69365
283,fb0,1.79507,1.46421
283,fb1,1.66147,0.685397
283,fb2,1.0916,1.69339
284,fb0,1.79542,1.46369
284,fb1,1.66087,0.684157
284,fb2,1.0913,1.69316
285,fb0,1.79576,1.46317
285,fb1,1.66028,0.682934
285,fb2,1.09101,1.69294
286,fb0,1.79611,1.46265
286,fb1,1.6597,0.681728
286,fb2,1.09075,1.69274
287,fb0,1.79645,1.46212
287,fb1,1.65912,0.680537
287,fb2,1.09051,1.69255
288,fb0,1.79679,1.46159
288,fb1,1.65855,0.679362
288,fb2,1.09029,1.69239
289,fb0,1.79714,1.46105
289,fb1,1.65799,0.678201
289,fb2,1.09009,1.69224
290,fb0,1.79748,1.46051
290,fb1,1.65744,0.677055
290,fb2,1.0899,1.6921
291,fb0,1.79783,1.45996
291,fb1,1.65689,0.675923
291,fb2,1.08974,1.69198
292,fb0,1.79818,1.45941
292,fb1,1.65635,0.674804
292,fb2,1.08959,1.69187
293,fb0,1.79852,1.45886
293,fb1,1.65582,0.673698
293,fb2,1.08947,1.69178
294,fb0,1.79887,1.4583
294,fb1,1.65529,0.672604
294,fb2,1.08936,1.6917
295,fb0,1.79921,1.45773
295,fb1,1.65477,0.671523
295,fb2,1.08927,1.69163
296,fb0,1.79956,1.45716
296,fb1,1.65425,0.670453
296,fb2,1.08919,1.69158
297,fb0,1.79991,1.45659
297,fb1,1.65374,0.669395
297,fb2,1.08913,1.69153
298,fb0,1.80025,1.45601
298,fb1,1.65323,0.668347
298,fb2,1.08909,1.6915
299,fb0,1.8006,1.45542
299,fb1,1.65273,0.66731
299,fb2,1.08906,1.69148
300,fb0,1.80094,1.45483
300,fb1,1.65224,0.666284
300,fb2,1.08905,1.69147
301,fb0,1.80129,1.45424
301,fb1,1.65175,0.665267
301,fb2,1.08905,1.69147
302,fb0,1.80163,1.45364
302,fb1,1.65126,0.66426
302,fb2,1.08905,1.69147
303,fb0,1.80197,1.45303
303,fb1,1.65078,0.663262
303,fb2,1.08905,1.69147
304,fb0,1.80232,1.45242
304,fb1,1.6503,0.662274
304,fb2,1.08905,1.69147
305,fb0,1.80266,1.45181
305,fb1,1.64983,0.661293
305,fb2,1.08905,1.69147
306,fb0,1.803,1.45119
306,fb1,1.64936,0.660322
306,fb2,1.08905,1.69147
307,fb0,1.80334,1.45056
307,fb1,1.64889,0.659358
307,fb2,1.08905,1.69147
308,fb0,1.80368,1.44993
308,fb1,1.64843,0.658403
308,fb2,1.08906,1.69135
309,fb0,1.80401,1.4493
309,fb1,1.64797,0.657455
309,fb2,1.08907,1.69121
310,fb0,1.80435,1.44865
310,fb1,1.64752,0.656514
310,fb2,1.08908,1.69104
311,fb0,1.80468,1.44801
311,fb1,1.64707,0.65558
311,fb2,1.08909,1.69087
312,fb0,1.80501,1.44736
312,fb1,1.64662,0.654654
312,fb2,1.0891,1.69067
313,fb0,1.80534,1.4467
313,fb1,1.64618,0.653734
313,fb2,1.08911,1.69046
314,fb0,1.80567,1.44604
314,fb1,1.64574,0.65282
314,fb2,1.08913,1.69024
315,fb0,1.806,1.44537
315,fb1,1.6453,0.651913
315,fb2,1.08915,1.69
316,fb0,1.80632,1.4447
316,fb1,1.64486,0.651012
316,fb2,1.08916,1.68975
317,fb0,1.80664,1.44403
317,fb1,1.64443,0.650117
317,fb2,1.08919,1.68949
318,fb0,1.80696,1.44335
318,fb1,1.644,0.649227
318,fb2,1.08921,1.68921
319,fb0,1.80728,1.44266
319,fb1,1.64357,0.648343
319,fb2,1.08923,1.68892
320,fb0,1.8076,1.44197
320,fb1,1.64315,0.647464
320,fb2,1.08926,1.68862
321,fb0,1.80791,1.44127
321,fb1,1.64273,0.64659
321,fb2,1.08929,1.6883
322,fb0,1.80822,1.44057
322,fb1,1.64231,0.645721
322,fb2,1.08932,1.68797
323,fb0,1.80852,1.43987
323,fb1,1.64189,0.644856
323,fb2,1.08935,1.68763
324,fb0,1.80883,1.43916
324,fb1,1.64147,0.643997
324,fb2,1.08938,1.68728
325,fb0,1.80913,1.43844
325,fb1,1.64106,0.643142
325,fb2,1.08942,1.68691
326,fb0,1.80943,1.43773
326,fb1,1.64065,0.642291
326,fb2,1.08946,1.68654
327,fb0,1.80972,1.437
327,fb1,1.64024,0.641444
327,fb2,1.0895,1.68615
328,fb0,1.81001,1.43628
328,fb1,1.63983,0.640601
328,fb2,1.08955,1.68575
329,fb0,1.8103,1.43554
329,fb1,1.63943,0.639762
329,fb2,1.0896,1.68535
330,fb0,1.81058,1.43481
330,fb1,1.63903,0.638926
330,fb2,1.08965,1.68493
331,fb0,1.81086,1.43407
331,fb1,1.63862,0.638095
331,fb2,1.0897,1.6845
332,fb0,1.81114,1.43332
332,fb1,1.63822,0.637266
332,fb2,1.08976,1.68407
333,fb0,1.81141,1.43257
333,fb1,1.63783,0.636441
333,fb2,1.08982,1.68362
334,fb0,1.81168,1.43182
334,fb1,1.63743,0.635619
334,fb2,1.08989,1.68317
335,fb0,1.81195,1.43106
335,fb1,1.63703,0.6348
335,fb2,1.08995,1.68271
336,fb0,1.81221,1.4303
336,fb1,1.63664,0.633984
336,fb2,1.09002,1.68224
337,fb0,1.81247,1.42954
337,fb1,1.63625,0.633171
337,fb2,1.0901,1.68176
338,fb0,1.81272,1.42877
338,fb1,1.63586,0.632359
338,fb2,1.09018,1.68128
339,fb0,1.81297,1.428
339,fb1,1.63547,0.63155
339,fb2,1.09026,1.68079
340,fb0,1.81322,1.42722
340,fb1,1.63509,0.630743
340,fb2,1.09034,1.68029
341,fb0,1.81346,1.42644
341,fb1,1.63471,0.629937
341,fb2,1.09043,1.67978
342,fb0,1.8137,1.42566
342,fb1,1.63433,0.629134
342,fb2,1.09052,1.67927
343,fb0,1.81393,1.42487
343,fb1,1.63395,0.628332
343,fb2,1.09062,1.67875
344,fb0,1.81416,1.42409
344,fb1,1.63357,0.627531
344,fb2,1.09072,1.67823
345,fb0,1.81438,1.42329
345,fb1,1.6332,0.626732
345,fb2,1.09082,1.6777
346,fb0,1.8146,1.4225
346,fb1,1.63283,0.625935
346,fb2,1.09093,1.67716
347,fb0,1.81482,1.4217
347,fb1,1.63246,0.625139
347,fb2,1.09104,1.67662
348,fb0,1.81503,1.4209
348,fb1,1.63209,0.624344
348,fb2,1.09116,1.67608
349,fb0,1.81524,1.4201
349,fb1,1.63172,0.623551
349,fb2,1.09127,1.67553
350,fb0,1.81544,1.41929
350,fb1,1.63136,0.622759
350,fb2,1.0914,1.67498
351,fb0,1.81563,1.41848
351,fb1,1.631,0.621968
351,fb2,1.09152,1.67442
352,fb0,1.81583,1.41767
352,fb1,1.63064,0.621178
352,fb2,1.09166,1.67386
353,fb0,1.81601,1.41685
353,fb1,1.63028,0.620388
353,fb2,1.09179,1.6733
354,fb0,1.8162,1.41604
354,fb1,1.62992,0.6196
354,fb2,1.09193,1.67273
355,fb0,1.81637,1.41522
355,fb1,1.62957,0.618813
355,fb2,1.09207,1.67216
356,fb0,1.81655,1.4144
356,fb1,1.62922,0.618026
356,fb2,1.09222,1.67159
357,fb0,1.81672,1.41357
357,fb1,1.62886,0.61724
357,fb2,1.09237,1.67102
358,fb0,1.81688,1.41275
358,fb1,1.62851,0.616455
358,fb2,1.09252,1.67044
359,fb0,1.81704,1.41192
359,fb1,1.62817,0.615671
359,fb2,1.09268,1.66986
360,fb0,1.81719,1.41109
360,fb1,1.62782,0.614887
360,fb2,1.09284,1.66928
361,fb0,1.81734,1.41026
361,fb1,1.62747,0.614103
361,fb2,1.093,1.6687
362,fb0,1.81749,1.40943
362,fb1,1.62713,0.61332
362,fb2,1.09317,1.66812
363,fb0,1.81763,1.40859
363,fb1,1.62679,0.612538
363,fb2,1.09334,1.66754
364,fb0,1.81776,1.40776
364,fb1,1.62644,0.611756
364,fb2,1.09352,1.66696
365,fb0,1.81789,1.40692
365,fb1,1.6261,0.610975
365,fb2,1.0937,1.66637
366,fb0,1.81802,1.40608
366,fb1,1.62576,0.610194
366,fb2,1.09388,1.66579
367,fb0,1.81814,1.40524
367,fb1,1.62543,0.609413
367,fb2,1.09407,1.66521
368,fb0,1.81825,1.4044
368,fb1,1.62509,0.608632
368,fb2,1.09425,1.66462
369,fb0,1.81836,1.40356
369,fb1,1.62475,0.607852
369,fb2,1.09445,1.66404
370,fb0,1.81847,1.40272
370,fb1,1.62442,0.607072
370,fb2,1.09464,1.66346
371,fb0,1.81857,1.40187
371,fb1,1.62409,0.606292
371,fb2,1.09484,1.66288
372,fb0,1.81867,1.40103
372,fb1,1.62376,0.605512
372,fb2,1.09504,1.6623
373,fb0,1.81876,1.40018
373,fb1,1.62343,0.604732
373,fb2,1.09524,1.66172
374,fb0,1.81885,1.39934
374,fb1,1.6231,0.603952
374,fb2,1.09545,1.66114
375,fb0,1.81893,1.39849
375,fb1,1.62277,0.603173
375,fb2,1.09566,1.66057
376,fb0,1.81901,1.39764
376,fb1,1.62244,0.602393
376,fb2,1.09587,1.65999
377,fb0,1.81908,1.39679
377,fb1,1.62212,0.601613
377,fb2,1.09608,1.65942
378,fb0,1.81915,1.39595
378,fb1,1.62179,0.600834
378,fb2,1.0963,1.65885
379,fb0,1.81922,1.3951
379,fb1,1.62147,0.600055
379,fb2,1.09652,1.65828
380,fb0,1.81928,1.39425
380,fb1,1.62115,0.599275
380,fb2,1.09674,1.65771
381,fb0,1.81933,1.3934
381,fb1,1.62083,0.598495
381,fb2,1.09696,1.65715
382,fb0,1.81938,1.39255
382,fb1,1.62051,0.597716
382,fb2,1.09719,1.65659
383,fb0,1.81943,1.3917
383,fb1,1.62019,0.596936
383,fb2,1.09741,1.65603
384,fb0,1.81947,1.39085
384,fb1,1.61987,0.596156
384,fb2,1.09764,1.65548
385,fb0,1.81951,1.39
385,fb1,1.61955,0.595376
385,fb2,1.09787,1.65492
386,fb0,1.81955,1.38914
386,fb1,1.61923,0.594596
386,fb2,1.09811,1.65437
387,fb0,1.81958,1.38829
387,fb1,1.61892,0.593816
387,fb2,1.09834,1.65383
388,fb0,1.8196,1.38744
388,fb1,1.6186,0.593036
388,fb2,1.09857,1.65329
389,fb0,1.81962,1.38659
389,fb1,1.61829,0.592255
389,fb2,1.09881,1.65275
390,fb0,1.81964,1.38574
390,fb1,1.61797,0.591475
390,fb2,1.09905,1.65221
391,fb0,1.81965,1.38489
391,fb1,1.61766,0.590694
391,fb2,1.09929,1.65168
392,fb0,1.81966,1.38404
392,fb1,1.61735,0.589913
392,fb2,1.09953,1.65115
393,fb0,1.81967,1.38319
393,fb1,1.61704,0.589132
393,fb2,1.09977,1.65062
394,fb0,1.81967,1.38234
394,fb1,1.61673,0.588351
394,fb2,1.10001,1.6501
395,fb0,1.81967,1.3815
395,fb1,1.61642,0.58757
395,fb2,1.10025,1.64958
396,fb0,1.81966,1.38065
396,fb1,1.61611,0.586788
396,fb2,1.10049,1.64907
397,fb0,1.81965,1.3798
397,fb1,1.6158,0.586006
397,fb2,1.10074,1.64856
398,fb0,1.81963,1.37895
398,fb1,1.6155,0.585224
398,fb2,1.10098,1.64806
399,fb0,1.81962,1.3781
399,fb1,1.61519,0.584442
399,fb2,1.10123,1.64755
400,fb0,1.81959,1.37726
400,fb1,1.61488,0.58366
400,fb2,1.10147,1.64706
401,fb0,1.81957,1.37641
401,fb1,1.61458,0.582877
401,fb2,1.10172,1.64656
402,fb0,1.81954,1.37557
402,fb1,1.61428,0.582095
402,fb2,1.10196,1.64607
403,fb0,1.81951,1.37472
403,fb1,1.61397,0.581312
403,fb2,1.10221,1.64559
404,fb0,1.81947,1.37388
404,fb1,1.61367,0.580529
404,fb2,1.10245,1.64511
405,fb0,1.81943,1.37303
405,fb1,1.61337,0.579746
405,fb2,1.1027,1.64463
406,fb0,1.81939,1.37219
406,fb1,1.61307,0.578962
406,fb2,1.10294,1.64416
407,fb0,1.81934,1.37134
407,fb1,1.61277,0.578179
407,fb2,1.10319,1.6437
408,fb0,1.81929,1.3705
408,fb1,1.61247,0.577395
408,fb2,1.10343,1.64323
409,fb0,1.81924,1.36966
409,fb1,1.61217,0.576611
409,fb2,1.10368,1.64277
410,fb0,1.81919,1.36882
410,fb1,1.61187,0.575827
410,fb2,1.10392,1.64232
411,fb0,1.81913,1.36798
411,fb1,1.61157,0.575043
411,fb2,1.10417,1.64187
412,fb0,1.81906,1.36714
412,fb1,1.61127,0.574258
412,fb2,1.10441,1.64143
413,fb0,1.819,1.3663
413,fb1,1.61098,0.573474
413,fb2,1.10465,1.64099
414,fb0,1.81893,1.36546
414,fb1,1.61068,0.572689
414,fb2,1.10489,1.64055
415,fb0,1.81886,1.36463
415,fb1,1.61038,0.571904
415,fb2,1.10513,1.64012
416,fb0,1.81879,1.36379
416,fb1,1.61009,0.571119
416,fb2,1.10538,1.63969
417,fb0,1.81871,1.36295
417,fb1,1.60979,0.570334
417,fb2,1.10561,1.63927
418,fb0,1.81863,1.36212
418,fb1,1.6095,0.569548
418,fb2,1.10585,1.63885
419,fb0,1.81855,1.36128
419,fb1,1.60921,0.568763
419,fb2,1.10609,1.63844
420,fb0,1.81846,1.36045
420,fb1,1.60891,0.567977
420,fb2,1.10633,1.63803
421,fb0,1.81837,1.35961
421,fb1,1.60862,0.567191
421,fb2,1.10656,1.63763
422,fb0,1.81828,1.35878
422,fb1,1.60833,0.566405
422,fb2,1.1068,1.63723
423,fb0,1.81819,1.35795
423,fb1,1.60804,0.565619
423,fb2,1.10703,1.63683
424,fb0,1.81809,1.35712
424,fb1,1.60775,0.564833
424,fb2,1.10726,1.63644
425,fb0,1.81799,1.35629
425,fb1,1.60745,0.564046
425,fb2,1.1075,1.63605
426,fb0,1.81789,1.35546
426,fb1,1.60716,0.56326
426,fb2,1.10773,1.63567
427,fb0,1.81778,1.35463
427,fb1,1.60688,0.562473
427,fb2,1.10796,1.63529
428,fb0,1.81768,1.3538
428,fb1,1.60659,0.561686
428,fb2,1.10818,1.63492
429,fb0,1.81757,1.35297
429,fb1,1.6063,0.560899
429,fb2,1.10841,1.63455
430,fb0,1.81746,1.35215
430,fb1,1.60601,0.560112
430,fb2,1.10863,1.63419
431,fb0,1.81734,1.35132
431,fb1,1.60572,0.559325
431,fb2,1.10886,1.63383
432,fb0,1.81723,1.35049
432,fb1,1.60544,0.558538
432,fb2,1.10908,1.63347
433,fb0,1.81711,1.34967
433,fb1,1.60515,0.557751
433,fb2,1.1093,1.63312
434,fb0,1.81699,1.34884
434,fb1,1.60486,0.556964
434,fb2,1.10952,1.63277
435,fb0,1.81687,1.34802
435,fb1,1.60458,0.556176
435,fb2,1.10974,1.63242
436,fb0,1.81674,1.3472
436,fb1,1.60429,0.555388
436,fb2,1.10995,1.63208
437,fb0,1.81661,1.34638
437,fb1,1.60401,0.554601
437,fb2,1.11017,1.63175
438,fb0,1.81648,1.34555
438,fb1,1.60372,0.553813
438,fb2,1.11038,1.63142
439,fb0,1.81635,1.34473
439,fb1,1.60344,0.553025
439,fb2,1.11059,1.63109
440,fb0,1.81622,1.34391
440,fb1,1.60316,0.552237
440,fb2,1.11081,1.63076
441,fb0,1.81608,1.34309
441,fb1,1.60287,0.551449
441,fb2,1.11101,1.63044
442,fb0,1.81594,1.34227
442,fb1,1.60259,0.550661
442,fb2,1.11122,1.63013
443,fb0,1.8158,1.34145
443,fb1,1.60231,0.549873
443,fb2,1.11143,1.62981
444,fb0,1.81566,1.34064
444,fb1,1.60203,0.549084
444,fb2,1.11163,1.6295
445,fb0,1.81552,1.33982
445,fb1,1.60175,0.548296
445,fb2,1.11183,1.6292
446,fb0,1.81537,1.339
446,fb1,1.60147,0.547508
446,fb2,1.11204,1.6289
447,fb0,1.81523,1.33819
447,fb1,1.60119,0.546719
447,fb2,1.11223,1.6286
448,fb0,1.81508,1.33737
448,fb1,1.60091,0.545931
448,fb2,1.11243,1.62831
449,fb0,1.81493,1.33655
449,fb1,1.60063,0.545143
449,fb2,1.11263,1.62801
450,fb0,1.81478,1.33574
450,fb1,1.60035,0.544354
450,fb2,1.11282,1.62773
451,fb0,1.81462,1.33493
451,fb1,1.60007,0.543565
451,fb2,1.11302,1.62744
452,fb0,1.81446,1.33411
452,fb1,1.59979,0.542777
452,fb2,1.11321,1.62716
453,fb0,1.81431,1.3333
453,fb1,1.59951,0.541988
453,fb2,1.1134,1.62689
454,fb0,1.81415,1.33249
454,fb1,1.59923,0.5412
454,fb2,1.11359,1.62661
455,fb0,1.81399,1.33167
455,fb1,1.59896,0.540411
455,fb2,1.11377,1.62634
456,fb0,1.81382,1.33086
456,fb1,1.59868,0.539622
456,fb2,1.11396,1.62607
457,fb0,1.81366,1.33005
457,fb1,1.5984,0.538833
457,fb2,1.11414,1.62581
458,fb0,1.81349,1.32924
458,fb1,1.59813,0.538044
458,fb2,1.11433,1.62555
459,fb0,1.81333,1.32843
459,fb1,1.59785,0.537255
459,fb2,1.11451,1.62529
460,fb0,1.81316,1.32762
460,fb1,1.59757,0.536467
460,fb2,1.11469,1.62504
461,fb0,1.81299,1.32681
461,fb1,1.5973,0.535678
461,fb2,1.11486,1.62478
462,fb0,1.81282,1.326
462,fb1,1.59702,0.534889
462,fb2,1.11504,1.62453
463,fb0,1.81264,1.32519
463,fb1,1.59675,0.5341
463,fb2,1.11522,1.62429
464,fb0,1.81247,1.32439
464,fb1,1.59647,0.533311
464,fb2,1.11539,1.62404
465,fb0,1.81229,1.32358
465,fb1,1.5962,0.532522
465,fb2,1.11556,1.6238
466,fb0,1.81212,1.32277
466,fb1,1.59593,0.531733
466,fb2,1.11573,1.62357
467,fb0,1.81194,1.32197
467,fb1,1.59565,0.530944
467,fb2,1.1159,1.62333
468,fb0,1.81176,1.32116
468,fb1,1.59538,0.530155
468,fb2,1.11607,1.6231
469,fb0,1.81158,1.32035
469,fb1,1.59511,0.529366
469,fb2,1.11624,1.62287
470,fb0,1.81139,1.31955
470,fb1,1.59483,0.528577
470,fb2,1.1164,1.62264
471,fb0,1.81121,1.31874
471,fb1,1.59456,0.527788
471,fb2,1.11656,1.62242
472,fb0,1.81102,1.31794
472,fb1,1.59429,0.526999
472,fb2,1.11673,1.62219
473,fb0,1.81084,1.31713
473,fb1,1.59402,0.52621
473,fb2,1.11689,1.62197
474,fb0,1.81065,1.31633
474,fb1,1.59375,0.52542
474,fb2,1.11705,1.62176
475,fb0,1.81046,1.31553
475,fb1,1.59348,0.524631
475,fb2,1.11721,1.62154
476,fb0,1.81027,1.31472
476,fb1,1.59321,0.523842
476,fb2,1.11736,1.62133
477,fb0,1.81008,1.31392
477,fb1,1.59293,0.523053
477,fb2,1.11752,1.62112
478,fb0,1.80989,1.31312
478,fb1,1.59266,0.522264
478,fb2,1.11767,1.62091
479,fb0,1.80969,1.31231
479,fb1,1.5924,0.521475
479,fb2,1.11783,1.6207
480,fb0,1.8095,1.31151
480,fb1,1.59213,0.520686
480,fb2,1.11798,1.6205
481,fb0,1.8093,1.31071
481,fb1,1.59186,0.519897
481,fb2,1.11813,1.62029
482,fb0,1.80911,1.30991
482,fb1,1.59159,0.519107
482,fb2,1.11828,1.62009
483,fb0,1.80891,1.30911
483,fb1,1.59132,0.518318
483,fb2,1.11843,1.6199
484,fb0,1.80871,1.30831
484,fb1,1.59105,0.517529
484,fb2,1.11858,1.6197
485,fb0,1.80851,1.30751
485,fb1,1.59078,0.51674
485,fb2,1.11872,1.61951
486,fb0,1.80831,1.30671
486,fb1,1.59051,0.515951
486,fb2,1.11887,1.61931
487,fb0,1.80811,1.3059
487,fb1,1.59025,0.515162
487,fb2,1.11901,1.61912
488,fb0,1.80791,1.3051
488,fb1,1.58998,0.514373
488,fb2,1.11916,1.61893
489,fb0,1.80772,1.3043
489,fb1,1.58971,0.513583
489,fb2,1.1193,1.61875
490,fb0,1.80752,1.3035
490,fb1,1.58944,0.512794
490,fb2,1.11944,1.61856
491,fb0,1.80732,1.3027
491,fb1,1.58918,0.512006
491,fb2,1.11958,1.61838
492,fb0,1.80712,1.3019
492,fb1,1.58891,0.511216
492,fb2,1.11972,1.6182
493,fb0,1.80692,1.3011
493,fb1,1.58864,0.510427
493,fb2,1.11986,1.61801
494,fb0,1.80672,1.3003
494,fb1,1.58838,0.509638
494,fb2,1.12,1.61783
495,fb0,1.80652,1.2995
495,fb1,1.58811,0.508849
495,fb2,1.12014,1.61766
496,fb0,1.80632,1.2987
496,fb1,1.58784,0.50806
496,fb2,1.12027,1.61748
497,fb0,1.80612,1.2979
497,fb1,1.58758,0.507271
497,fb2,1.12041,1.6173
498,fb0,1.80592,1.2971
498,fb1,1.58731,0.506482
498,fb2,1.12054,1.61713
499,fb0,1.80573,1.2963
499,fb1,1.58705,0.505693
499,fb2,1.12068,1.61696
500,fb0,1.80553,1.2955
500,fb1,1.58678,0.504904
500,fb2,1.12081,1.61678
501,fb0,1.80533,1.2947
501,fb1,1.58652,0.504115
501,fb2,1.12095,1.61661
502,fb0,1.80513,1.2939
502,fb1,1.58626,0.503326
502,fb2,1.12108,1.61644
503,fb0,1.80493,1.2931
503,fb1,1.58599,0.502537
503,fb2,1.12121,1.61627
504,fb0,1.80473,1.2923
504,fb1,1.58573,0.501748
504,fb2,1.12134,1.6161
505,fb0,1.80453,1.2915
505,fb1,1.58546,0.500959
505,fb2,1.12148,1.61594
506,fb0,1.80433,1.2907
506,fb1,1.5852,0.50017
506,fb2,1.12161,1.61577
507,fb0,1.80413,1.2899
507,fb1,1.58494,0.499381
507,fb2,1.12174,1.6156
508,fb0,1.80394,1.2891
508,fb1,1.58467,0.498591
508,fb2,1.12187,1.61544
509,fb0,1.80374,1.2883
509,fb1,1.58441,0.497802
509,fb2,1.122,1.61527
510,fb0,1.80354,1.2875
510,fb1,1.58415,0.497013
510,fb2,1.12213,1.61511
511,fb0,1.80334,1.2867
511,fb1,1.58389,0.496224
511,fb2,1.12226,1.61495
512,fb0,1.80314,1.2859
512,fb1,1.58362,0.495435
512,fb2,1.12239,1.61478
513,fb0,1.80294,1.2851
513,fb1,1.58336,0.494646
513,fb2,1.12252,1.61462
514,fb0,1.80274,1.2843
514,fb1,1.5831,0.493857
514,fb2,1.12265,1.61446
515,fb0,1.80254,1.2835
515,fb1,1.58284,0.493068
515,fb2,1.12277,1.6143
516,fb0,1.80234,1.2827
516,fb1,1.58258,0.492279
516,fb2,1.1229,1.61414
517,fb0,1.80215,1.2819
517,fb1,1.58232,0.49149
517,fb2,1.12303,1.61398
518,fb0,1.80195,1.2811
518,fb1,1.58206,0.490701
518,fb2,1.12316,1.61382
519,fb0,1.80175,1.2803
519,fb1,1.5818,0.489912
519,fb2,1.12329,1.61366
520,fb0,1.80155,1.2795
520,fb1,1.58154,0.489123
520,fb2,1.12342,1.6135
521,fb0,1.80135,1.2787
521,fb1,1.58128,0.488334
521,fb2,1.12354,1.61335
522,fb0,1.80115,1.2779
522,fb1,1.58102,0.487544
522,fb2,1.12367,1.61319
523,fb0,1.80095,1.2771
523,fb1,1.58076,0.486755
523,fb2,1.1238,1.61303
524,fb0,1.80075,1.2763
524,fb1,1.5805,0.485966
524,fb2,1.12393,1.61287
525,fb0,1.80056,1.2755
525,fb1,1.58024,0.485177
525,fb2,1.12405,1.61272
526,fb0,1.80036,1.2747
526,fb1,1.57998,0.484388
526,fb2,1.12418,1.61256
527,fb0,1.80016,1.2739
527,fb1,1.57972,0.483599
527,fb2,1.12431,1.6124
528,fb0,1.79996,1.2731
528,fb1,1.57946,0.48281
528,fb2,1.12444,1.61225
529,fb0,1.79976,1.2723
529,fb1,1.5792,0.48202
529,fb2,1.12457,1.61209
530,fb0,1.79956,1.2715
530,fb1,1.57895,0.481231
530,fb2,1.12469,1.61193
531,fb0,1.79936,1.2707
531,fb1,1.57869,0.480442
531,fb2,1.12482,1.61178
532,fb0,1.79916,1.2699
532,fb1,1.57843,0.479653
532,fb2,1.12495,1.61162
533,fb0,1.79897,1.2691
533,fb1,1.57817,0.478864
533,fb2,1.12508,1.61147
534,fb0,1.79877,1.2683
534,fb1,1.57792,0.478075
534,fb2,1.12521,1.61131
535,fb0,1.79857,1.2675
535,fb1,1.57766,0.477285
535,fb2,1.12533,1.61116
536,fb0,1.79837,1.26671
536,fb1,1.5774,0.476496
536,fb2,1.12546,1.611
537,fb0,1.79817,1.26591
537,fb1,1.57715,0.475707
537,fb2,1.12559,1.61085
538,fb0,1.79797,1.26511
538,fb1,1.57689,0.474918
538,fb2,1.12572,1.61069
539,fb0,1.79777,1.26431
539,fb1,1.57663,0.474129
539,fb2,1.12585,1.61054
540,fb0,1.79758,1.26351
540,fb1,1.57638,0.47334
540,fb2,1.12598,1.61038
541,fb0,1.79738,1.26271
541,fb1,1.57612,0.472551
541,fb2,1.12611,1.61023
542,fb0,1.79718,1.26191
542,fb1,1.57587,0.471762
542,fb2,1.12624,1.61007
543,fb0,1.79698,1.26111
543,fb1,1.57561,0.470972
543,fb2,1.12637,1.60991
544,fb0,1.79678,1.26031
544,fb1,1.57536,0.470183
544,fb2,1.1265,1.60976
545,fb0,1.79658,1.25951
545,fb1,1.5751,0.469394
545,fb2,1.12663,1.6096
546,fb0,1.79638,1.25872
546,fb1,1.57485,0.468605
546,fb2,1.12676,1.60945
547,fb0,1.79619,1.25792
547,fb1,1.57459,0.467816
547,fb2,1.12689,1.60929
548,fb0,1.79599,1.25712
548,fb1,1.57434,0.467027
548,fb2,1.12702,1.60914
549,fb0,1.79579,1.25632
549,fb1,1.57408,0.466238
549,fb2,1.12715,1.60898
550,fb0,1.79559,1.25552
550,fb1,1.57383,0.465448
550,fb2,1.12728,1.60883
551,fb0,1.79539,1.25472
551,fb1,1.57358,0.464659
551,fb2,1.12741,1.60867
552,fb0,1.79519,1.25393
552,fb1,1.57332,0.46387
552,fb2,1.12755,1.60852
553,fb0,1.795,1.25313
553,fb1,1.57307,0.463081
553,fb2,1.12768,1.60836
554,fb0,1.7948,1.25233
554,fb1,1.57282,0.462292
554,fb2,1.12781,1.6082
555,fb0,1.7946,1.25153
555,fb1,1.57256,0.461503
555,fb2,1.12795,1.60805
556,fb0,1.7944,1.25073
556,fb1,1.57231,0.460714
556,fb2,1.12808,1.60789
557,fb0,1.7942,1.24993
557,fb1,1.57206,0.459925
557,fb2,1.12821,1.60773
558,fb0,1.794,1.24914
558,fb1,1.57181,0.459136
558,fb2,1.12835,1.60758
559,fb0,1.79381,1.24834
559,fb1,1.57156,0.458347
559,fb2,1.12848,1.60742
560,fb0,1.79361,1.24754
560,fb1,1.5713,0.457557
560,fb2,1.12862,1.60726
561,fb0,1.79341,1.24674
561,fb1,1.57105,0.456768
561,fb2,1.12875,1.6071
562,fb0,1.79321,1.24595
562,fb1,1.5708,0.455979
562,fb2,1.12889,1.60695
563,fb0,1.79301,1.24515
563,fb1,1.57055,0.45519
563,fb2,1.12902,1.60679
564,fb0,1.79281,1.24435
564,fb1,1.5703,0.454401
564,fb2,1.12916,1.60663
565,fb0,1.79262,1.24355
565,fb1,1.57005,0.453612
565,fb2,1.1293,1.60647
566,fb0,1.79242,1.24275
566,fb1,1.5698,0.452823
566,fb2,1.12943,1.60631
567,fb0,1.79222,1.24196
567,fb1,1.56955,0.452034
567,fb2,1.12957,1.60616
568,fb0,1.79202,1.24116
568,fb1,1.5693,0.451245
568,fb2,1.12971,1.606
569,fb0,1.79182,1.24036
569,fb1,1.56905,0.450456
569,fb2,1.12985,1.60584
570,fb0,1.79162,1.23957
570,fb1,1.5688,0.449667
570,fb2,1.12998,1.60568
571,fb0,1.79143,1.23877
571,fb1,1.56855,0.448878
571,fb2,1.13012,1.60552
572,fb0,1.79123,1.23797
572,fb1,1.5683,0.448089
572,fb2,1.13026,1.60536
573,fb0,1.79103,1.23717
573,fb1,1.56805,0.4473
573,fb2,1.1304,1.6052
574,fb0,1.79083,1.23638
574,fb1,1.5678,0.446511
574,fb2,1.13054,1.60504
575,fb0,1.79063,1.23558
575,fb1,1.56755,0.445722
575,fb2,1.13068,1.60488
576,fb0,1.79044,1.23478
576,fb1,1.5673,0.444933
576,fb2,1.13082,1.60472
577,fb0,1.79024,1.23399
577,fb1,1.56705,0.444144
577,fb2,1.13097,1.60456
578,fb0,1.79004,1.23319
578,fb1,1.56681,0.443355
578,fb2,1.13111,1.60439
579,fb0,1.78984,1.23239
579,fb1,1.56656,0.442566
579,fb2,1.13125,1.60423
580,fb0,1.78964,1.2316
580,fb1,1.56631,0.441777
580,fb2,1.13139,1.60407
581,fb0,1.78945,1.2308
581,fb1,1.56606,0.440988
581,fb2,1.13154,1.60391
582,fb0,1.78925,1.23001
582,fb1,1.56581,0.440199
582,fb2,1.13168,1.60374
583,fb0,1.78905,1.22921
583,fb1,1.56557,0.43941
583,fb2,1.13182,1.60358
584,fb0,1.78885,1.22841
584,fb1,1.56532,0.438622
584,fb2,1.13197,1.60342
585,fb0,1.78865,1.22762
585,fb1,1.56507,0.437833
585,fb2,1.13211,1.60325
586,fb0,1.78846,1.22682
586,fb1,1.56483,0.437044
586,fb2,1.13226,1.60309
587,fb0,1.78826,1.22602
587,fb1,1.56458,0.436255
587,fb2,1.13241,1.60293
588,fb0,1.78806,1.22523
588,fb1,1.56433,0.435466
588,fb2,1.13255,1.60276
589,fb0,1.78786,1.22443
589,fb1,1.56409,0.434678
589,fb2,1.1327,1.6026
590,fb0,1.78767,1.22364
590,fb1,1.56384,0.433889
590,fb2,1.13285,1.60243
591,fb0,1.78747,1.22284
591,fb1,1.5636,0.4331
591,fb2,1.13299,1.60227
592,fb0,1.78727,1.22205
592,fb1,1.56335,0.432311
592,fb2,1.13314,1.6021
593,fb0,1.78707,1.22125
593,fb1,1.56311,0.431522
593,fb2,1.13329,1.60193
594,fb0,1.78688,1.22046
594,fb1,1.56286,0.430734
594,fb2,1.13344,1.60177
595,fb0,1.78668,1.21966
595,fb1,1.56261,0.429945
595,fb2,1.13359,1.6016
596,fb0,1.78648,1.21887
596,fb1,1.56237,0.429157
596,fb2,1.13374,1.60143
597,fb0,1.78628,1.21807
597,fb1,1.56212,0.428368
597,fb2,1.13389,1.60127
598,fb0,1.78608,1.21728
598,fb1,1.56188,0.427579
598,fb2,1.13404,1.6011
599,fb0,1.78589,1.21648
599,fb1,1.56164,0.426791
599,fb2,1.13419,1.60093
600,fb0,1.78569,1.21569
600,fb1,1.56139,0.426002
600,fb2,1.13435,1.60076
