1,fb0,1.86847,1.76144
1,fb1,1.72211,1.1115
1,fb2,1.69652,1.66527
2,fb0,1.86785,1.7605
2,fb1,1.72211,1.1115
2,fb2,1.69734,1.6645
3,fb0,1.86717,1.75945
3,fb1,1.72211,1.1115
3,fb2,1.69823,1.66362
4,fb0,1.86651,1.75839
4,fb1,1.72211,1.1115
4,fb2,1.69911,1.66274
5,fb0,1.86587,1.75732
5,fb1,1.72211,1.1115
5,fb2,1.69997,1.66183
6,fb0,1.86525,1.75623
6,fb1,1.72211,1.1115
6,fb2,1.70082,1.66091
7,fb0,1.86465,1.75514
7,fb1,1.72211,1.1115
7,fb2,1.70165,1.65998
8,fb0,1.86407,1.75403
8,fb1,1.72211,1.1115
8,fb2,1.70247,1.65903
9,fb0,1.86351,1.75291
9,fb1,1.72211,1.1115
9,fb2,1.70326,1.65807
10,fb0,1.86297,1.75178
10,fb1,1.72211,1.1115
10,fb2,1.70404,1.65709
11,fb0,1.86245,1.75065
11,fb1,1.72211,1.1115
11,fb2,1.7048,1.6561
12,fb0,1.86195,1.7495
12,fb1,1.71393,1.108
12,fb2,1.70555,1.65509
13,fb0,1.86146,1.74835
13,fb1,1.70516,1.10322
13,fb2,1.70627,1.65408
14,fb0,1.86101,1.74719
14,fb1,1.69686,1.09764
14,fb2,1.70698,1.65305
15,fb0,1.86057,1.74602
15,fb1,1.68906,1.09139
15,fb2,1.70767,1.652
16,fb0,1.86015,1.74484
16,fb1,1.68175,1.08457
16,fb2,1.70834,1.65095
17,fb0,1.85975,1.74365
17,fb1,1.6749,1.07729
17,fb2,1.70899,1.64988
18,fb0,1.85938,1.74246
18,fb1,1.67351,1.07568
18,fb2,1.70963,1.6488
19,fb0,1.85902,1.74126
19,fb1,1.67273,1.0747
19,fb2,1.71024,1.64771
20,fb0,1.85869,1.74006
20,fb1,1.67198,1.07371
20,fb2,1.71083,1.64661
21,fb0,1.85838,1.73885
21,fb1,1.67124,1.0727
21,fb2,1.71141,1.6455
22,fb0,1.85809,1.73763
22,fb1,1.67052,1.07168
22,fb2,1.71196,1.64438
23,fb0,1.85782,1.73641
23,fb1,1.66981,1.07064
23,fb2,1.71249,1.64325
24,fb0,1.85758,1.73518
24,fb1,1.66913,1.0696
24,fb2,1.71301,1.64211
25,fb0,1.85735,1.73395
25,fb1,1.66847,1.06854
25,fb2,1.7135,1.64096
26,fb0,1.85715,1.73272
26,fb1,1.66782,1.06747
26,fb2,1.71397,1.63981
27,fb0,1.85697,1.73148
27,fb1,1.66719,1.06639
27,fb2,1.71442,1.63864
28,fb0,1.85699,1.73028
28,fb1,1.66659,1.0653
28,fb2,1.71468,1.63743
29,fb0,1.85712,1.72907
29,fb1,1.666,1.06419
29,fb2,1.71482,1.63622
30,fb0,1.85726,1.72785
30,fb1,1.66543,1.06308
30,fb2,1.71496,1.635
31,fb0,1.85739,1.72664
31,fb1,1.66488,1.06196
31,fb2,1.7151,1.63378
32,fb0,1.85753,1.72541
32,fb1,1.66435,1.06082
32,fb2,1.71524,1.63255
33,fb0,1.85767,1.72419
33,fb1,1.66385,1.05968
33,fb2,1.71538,1.63132
34,fb0,1.85781,1.72296
34,fb1,1.66336,1.05853
34,fb2,1.71552,1.63009
35,fb0,1.85795,1.72172
35,fb1,1.66289,1.05737
35,fb2,1.71566,1.62885
36,fb0,1.85809,1.72049
36,fb1,1.66245,1.0562
36,fb2,1.7158,1.62762
37,fb0,1.85823,1.71925
37,fb1,1.66202,1.05503
37,fb2,1.71595,1.62638
38,fb0,1.85837,1.71801
38,fb1,1.66162,1.05384
38,fb2,1.71609,1.62514
39,fb0,1.85851,1.71677
39,fb1,1.66124,1.05265
39,fb2,1.71623,1.62389
40,fb0,1.85865,1.71553
40,fb1,1.66087,1.05146
40,fb2,1.71637,1.62265
41,fb0,1.85879,1.71429
41,fb1,1.66054,1.05025
41,fb2,1.71651,1.62141
42,fb0,1.85895,1.71305
42,fb1,1.66022,1.04904
42,fb2,1.71664,1.62017
43,fb0,1.85912,1.71181
43,fb1,1.65992,1.04783
43,fb2,1.71674,1.61892
44,fb0,1.85932,1.71058
44,fb1,1.65965,1.04661
44,fb2,1.71682,1.61767
45,fb0,1.85954,1.70935
45,fb1,1.65939,1.04539
45,fb2,1.71689,1.61643
46,fb0,1.85978,1.70812
46,fb1,1.65916,1.04416
46,fb2,1.71692,1.61518
47,fb0,1.86005,1.7069
47,fb1,1.65895,1.04293
47,fb2,1.71694,1.61393
48,fb0,1.86033,1.70568
48,fb1,1.65877,1.04169
48,fb2,1.71693,1.61268
49,fb0,1.86064,1.70447
49,fb1,1.6586,1.04045
49,fb2,1.7169,1.61143
50,fb0,1.86097,1.70326
50,fb1,1.65846,1.03921
50,fb2,1.71685,1.61018
51,fb0,1.86132,1.70206
51,fb1,1.65834,1.03797
51,fb2,1.71678,1.60893
52,fb0,1.86169,1.70087
52,fb1,1.65824,1.03672
52,fb2,1.71668,1.60768
53,fb0,1.86209,1.69969
53,fb1,1.65816,1.03547
53,fb2,1.71656,1.60644
54,fb0,1.8625,1.69851
54,fb1,1.65811,1.03422
54,fb2,1.71642,1.6052
55,fb0,1.86294,1.69733
55,fb1,1.65808,1.03297
55,fb2,1.71626,1.60396
56,fb0,1.86339,1.69617
56,fb1,1.65807,1.03172
56,fb2,1.71608,1.60272
57,fb0,1.86387,1.69501
57,fb1,1.65808,1.03047
57,fb2,1.71587,1.60149
58,fb0,1.86437,1.69387
58,fb1,1.65812,1.02922
58,fb2,1.71564,1.60026
59,fb0,1.86488,1.69273
59,fb1,1.65817,1.02798
59,fb2,1.71539,1.59904
60,fb0,1.86542,1.6916
60,fb1,1.65825,1.02673
60,fb2,1.71512,1.59782
61,fb0,1.86598,1.69048
61,fb1,1.65836,1.02548
61,fb2,1.71483,1.5966
62,fb0,1.86656,1.68938
62,fb1,1.65848,1.02424
62,fb2,1.71451,1.59539
63,fb0,1.86716,1.68828
63,fb1,1.65863,1.023
63,fb2,1.71417,1.59419
64,fb0,1.86777,1.68719
64,fb1,1.6588,1.02176
64,fb2,1.71381,1.59299
65,fb0,1.86841,1.68612
65,fb1,1.65899,1.02052
65,fb2,1.71343,1.5918
66,fb0,1.86907,1.68505
66,fb1,1.6592,1.01929
66,fb2,1.71303,1.59062
67,fb0,1.86974,1.684
67,fb1,1.65943,1.01806
67,fb2,1.71261,1.58944
68,fb0,1.87043,1.68296
68,fb1,1.65969,1.01684
68,fb2,1.71217,1.58827
69,fb0,1.87115,1.68193
69,fb1,1.65997,1.01562
69,fb2,1.7117,1.58711
70,fb0,1.87188,1.68092
70,fb1,1.66027,1.01441
70,fb2,1.71122,1.58596
71,fb0,1.87262,1.67991
71,fb1,1.66059,1.0132
71,fb2,1.71071,1.58481
72,fb0,1.87339,1.67893
72,fb1,1.66094,1.012
72,fb2,1.71019,1.58368
73,fb0,1.87417,1.67795
73,fb1,1.6613,1.0108
73,fb2,1.70964,1.58255
74,fb0,1.87497,1.67699
74,fb1,1.66169,1.00961
74,fb2,1.70908,1.58144
75,fb0,1.87579,1.67605
75,fb1,1.66209,1.00843
75,fb2,1.70849,1.58034
76,fb0,1.87662,1.67512
76,fb1,1.66252,1.00726
76,fb2,1.70789,1.57924
77,fb0,1.87748,1.6742
77,fb1,1.66297,1.00609
77,fb2,1.70726,1.57816
78,fb0,1.87834,1.6733
78,fb1,1.66344,1.00493
78,fb2,1.70662,1.57709
79,fb0,1.87923,1.67242
79,fb1,1.66393,1.00378
79,fb2,1.70596,1.57603
80,fb0,1.88012,1.67155
80,fb1,1.66444,1.00264
80,fb2,1.70527,1.57498
81,fb0,1.88104,1.67069
81,fb1,1.66497,1.00151
81,fb2,1.70457,1.57394
82,fb0,1.88197,1.66986
82,fb1,1.66553,1.00039
82,fb2,1.70385,1.57292
83,fb0,1.88291,1.66904
83,fb1,1.6661,0.999278
83,fb2,1.70312,1.57191
84,fb0,1.88387,1.66824
84,fb1,1.66669,0.998177
84,fb2,1.70236,1.57092
85,fb0,1.88484,1.66745
85,fb1,1.6673,0.997086
85,fb2,1.70159,1.56993
86,fb0,1.88583,1.66668
86,fb1,1.66793,0.996006
86,fb2,1.7008,1.56896
87,fb0,1.88683,1.66593
87,fb1,1.66858,0.994938
87,fb2,1.69999,1.56801
88,fb0,1.88784,1.6652
88,fb1,1.66925,0.993882
88,fb2,1.69917,1.56707
89,fb0,1.88887,1.66449
89,fb1,1.66993,0.992838
89,fb2,1.69833,1.56614
90,fb0,1.88991,1.66379
90,fb1,1.67064,0.991806
90,fb2,1.69747,1.56523
91,fb0,1.89096,1.66311
91,fb1,1.67136,0.990787
91,fb2,1.6966,1.56434
92,fb0,1.89202,1.66246
92,fb1,1.67211,0.989781
92,fb2,1.69571,1.56346
93,fb0,1.89309,1.66182
93,fb1,1.67287,0.988788
93,fb2,1.69481,1.5626
94,fb0,1.89418,1.6612
94,fb1,1.67364,0.987809
94,fb2,1.69389,1.56175
95,fb0,1.89528,1.6606
95,fb1,1.67444,0.986845
95,fb2,1.69295,1.56092
96,fb0,1.89638,1.66002
96,fb1,1.67525,0.985894
96,fb2,1.692,1.56011
97,fb0,1.8975,1.65946
97,fb1,1.67608,0.984958
97,fb2,1.69104,1.55931
98,fb0,1.89863,1.65892
98,fb1,1.67692,0.984037
98,fb2,1.69006,1.55853
99,fb0,1.89976,1.6584
99,fb1,1.67778,0.983132
99,fb2,1.68907,1.55777
100,fb0,1.90091,1.6579
100,fb1,1.67866,0.982242
100,fb2,1.68807,1.55703
101,fb0,1.90206,1.65742
101,fb1,1.67956,0.981367
101,fb2,1.68705,1.5563
102,fb0,1.90323,1.65696
102,fb1,1.68046,0.980509
102,fb2,1.68602,1.5556
103,fb0,1.9044,1.65652
103,fb1,1.68139,0.979667
103,fb2,1.68497,1.55491
104,fb0,1.90558,1.6561
104,fb1,1.68233,0.978842
104,fb2,1.68392,1.55424
105,fb0,1.90676,1.65571
105,fb1,1.68328,0.978034
105,fb2,1.68285,1.55359
106,fb0,1.90795,1.65533
106,fb1,1.68425,0.977243
106,fb2,1.68177,1.55295
107,fb0,1.90915,1.65498
107,fb1,1.68523,0.976469
107,fb2,1.68068,1.55234
108,fb0,1.91036,1.65465
108,fb1,1.69251,0.970961
108,fb2,1.67958,1.55175
109,fb0,1.91157,1.65434
109,fb1,1.70003,0.964381
109,fb2,1.67847,1.55118
110,fb0,1.91279,1.65405
110,fb1,1.707,0.95721
110,fb2,1.67735,1.55062
111,fb0,1.91401,1.65378
111,fb1,1.71341,0.949542
111,fb2,1.67622,1.55009
112,fb0,1.91523,1.65354
112,fb1,1.71925,0.94153
112,fb2,1.67508,1.54958
113,fb0,1.91646,1.65331
113,fb1,1.72416,0.933882
113,fb2,1.67393,1.54909
114,fb0,1.9177,1.65311
114,fb1,1.72828,0.926699
114,fb2,1.67279,1.54858
115,fb0,1.91893,1.65293
115,fb1,1.73177,0.919969
115,fb2,1.66439,1.545
116,fb0,1.92799,1.6518
116,fb1,1.73483,0.913534
116,fb2,1.65524,1.54097
117,fb0,1.93795,1.65097
117,fb1,1.73754,0.907369
117,fb2,1.6461,1.53692
118,fb0,1.94794,1.65056
118,fb1,1.73995,0.901474
118,fb2,1.63696,1.53287
119,fb0,1.95794,1.65054
119,fb1,1.7421,0.895846
119,fb2,1.62781,1.52882
120,fb0,1.96794,1.65085
120,fb1,1.74404,0.890475
120,fb2,1.61867,1.52477
121,fb0,1.97792,1.65145
121,fb1,1.7458,0.885352
121,fb2,1.60953,1.52071
122,fb0,1.98788,1.65232
122,fb1,1.7474,0.880464
122,fb2,1.60039,1.51666
123,fb0,1.99782,1.65342
123,fb1,1.74886,0.875797
123,fb2,1.59125,1.51261
124,fb0,2.00773,1.65472
124,fb1,1.7502,0.871339
124,fb2,1.5821,1.50855
125,fb0,2.01762,1.65619
125,fb1,1.75144,0.867078
125,fb2,1.57296,1.5045
126,fb0,2.02751,1.6577
126,fb1,1.75259,0.863002
126,fb2,1.56382,1.50045
127,fb0,2.03739,1.65922
127,fb1,1.75366,0.859099
127,fb2,1.55468,1.4964
128,fb0,2.04728,1.66073
128,fb1,1.75468,0.855364
128,fb2,1.54554,1.49234
129,fb0,2.05716,1.66224
129,fb1,1.75566,0.851787
129,fb2,1.53634,1.48842
130,fb0,2.06705,1.66375
130,fb1,1.75659,0.848364
130,fb2,1.52707,1.48466
131,fb0,2.07693,1.66526
131,fb1,1.75749,0.845094
131,fb2,1.51773,1.48108
132,fb0,2.08496,1.66649
132,fb1,1.75834,0.841973
132,fb2,1.50928,1.47803
133,fb0,2.09115,1.66744
133,fb1,1.75915,0.838998
133,fb2,1.5024,1.4757
134,fb0,2.09608,1.66819
134,fb1,1.75993,0.836162
134,fb2,1.49667,1.47387
135,fb0,2.10015,1.66882
135,fb1,1.76066,0.833455
135,fb2,1.49175,1.47239
136,fb0,2.10367,1.66935
136,fb1,1.76137,0.830868
136,fb2,1.48745,1.47116
137,fb0,2.10693,1.66978
137,fb1,1.76205,0.828391
137,fb2,1.48363,1.47011
138,fb0,2.11006,1.6701
138,fb1,1.7627,0.826015
138,fb2,1.48022,1.46922
139,fb0,2.1131,1.67032
139,fb1,1.76332,0.823733
139,fb2,1.47716,1.46845
140,fb0,2.1161,1.67045
140,fb1,1.76392,0.821538
140,fb2,1.4744,1.46778
141,fb0,2.11908,1.67047
141,fb1,1.7645,0.819422
141,fb2,1.4719,1.4672
142,fb0,2.12208,1.6704
142,fb1,1.76505,0.81738
142,fb2,1.46965,1.46669
143,fb0,2.12509,1.67022
143,fb1,1.76559,0.815405
143,fb2,1.46761,1.46624
144,fb0,2.12813,1.66992
144,fb1,1.7661,0.813491
144,fb2,1.46577,1.46585
145,fb0,2.1312,1.66951
145,fb1,1.76658,0.811634
145,fb2,1.4641,1.46551
146,fb0,2.13428,1.66897
146,fb1,1.76705,0.80983
146,fb2,1.46261,1.4652
147,fb0,2.13739,1.6683
147,fb1,1.7675,0.808074
147,fb2,1.46126,1.46494
148,fb0,2.14051,1.6675
148,fb1,1.76793,0.806363
148,fb2,1.46005,1.46471
149,fb0,2.14364,1.66655
149,fb1,1.76834,0.804695
149,fb2,1.45897,1.4645
150,fb0,2.14678,1.66546
150,fb1,1.76874,0.803066
150,fb2,1.45801,1.46432
151,fb0,2.1499,1.66423
151,fb1,1.76912,0.801474
151,fb2,1.45715,1.46417
152,fb0,2.15301,1.66285
152,fb1,1.76949,0.799916
152,fb2,1.4564,1.46404
153,fb0,2.1561,1.66133
153,fb1,1.76985,0.79839
153,fb2,1.45575,1.46392
154,fb0,2.15915,1.65966
154,fb1,1.77019,0.796894
154,fb2,1.45518,1.46382
155,fb0,2.16216,1.65785
155,fb1,1.77052,0.795426
155,fb2,1.45469,1.46374
156,fb0,2.16513,1.65589
156,fb1,1.77084,0.793985
156,fb2,1.45428,1.46367
157,fb0,2.16803,1.6538
157,fb1,1.77115,0.792569
157,fb2,1.45394,1.46361
158,fb0,2.17088,1.65158
158,fb1,1.77145,0.791177
158,fb2,1.45366,1.46356
159,fb0,2.17365,1.64923
159,fb1,1.77174,0.789806
159,fb2,1.45344,1.46353
160,fb0,2.17635,1.64675
160,fb1,1.77202,0.788457
160,fb2,1.45328,1.4635
161,fb0,2.17897,1.64416
161,fb1,1.77229,0.787128
161,fb2,1.45317,1.46348
162,fb0,2.17997,1.6431
162,fb1,1.77255,0.785819
162,fb2,1.45311,1.46347
163,fb0,2.18079,1.64219
163,fb1,1.7728,0.784528
163,fb2,1.45308,1.46347
164,fb0,2.1816,1.64127
164,fb1,1.77305,0.783256
164,fb2,1.45306,1.46347
165,fb0,2.1824,1.64033
165,fb1,1.77328,0.782001
165,fb2,1.45306,1.46347
166,fb0,2.1832,1.63938
166,fb1,1.77351,0.780764
166,fb2,1.45306,1.46347
167,fb0,2.18398,1.63841
167,fb1,1.77373,0.779543
167,fb2,1.45306,1.46347
168,fb0,2.18476,1.63743
168,fb1,1.77395,0.778339
168,fb2,1.45306,1.46347
169,fb0,2.18553,1.63643
169,fb1,1.77416,0.777149
169,fb2,1.45306,1.46347
170,fb0,2.18629,1.63542
170,fb1,1.77436,0.775975
170,fb2,1.45306,1.46347
171,fb0,2.18704,1.63439
171,fb1,1.77455,0.774815
171,fb2,1.45306,1.46347
172,fb0,2.18778,1.63335
172,fb1,1.77474,0.773669
172,fb2,1.45299,1.46331
173,fb0,2.18851,1.6323
173,fb1,1.77492,0.772535
173,fb2,1.45291,1.46312
174,fb0,2.18923,1.63123
174,fb1,1.77509,0.771412
174,fb2,1.45282,1.46291
175,fb0,2.18994,1.63014
175,fb1,1.77526,0.770301
175,fb2,1.45272,1.46268
176,fb0,2.19064,1.62904
176,fb1,1.77542,0.7692
176,fb2,1.45262,1.46244
177,fb0,2.19133,1.62793
177,fb1,1.77558,0.768108
177,fb2,1.45251,1.46217
178,fb0,2.19201,1.6268
178,fb1,1.77574,0.767026
178,fb2,1.45239,1.4619
179,fb0,2.19267,1.62566
179,fb1,1.77588,0.765954
179,fb2,1.45227,1.4616
180,fb0,2.19333,1.6245
180,fb1,1.77603,0.76489
180,fb2,1.45214,1.46129
181,fb0,2.19397,1.62333
181,fb1,1.77616,0.763834
181,fb2,1.45201,1.46097
182,fb0,2.19461,1.62215
182,fb1,1.77629,0.762786
182,fb2,1.45187,1.46062
183,fb0,2.19523,1.62095
183,fb1,1.77642,0.761746
183,fb2,1.45173,1.46027
184,fb0,2.19583,1.61974
184,fb1,1.77655,0.760713
184,fb2,1.45159,1.4599
185,fb0,2.19643,1.61852
185,fb1,1.77666,0.759687
185,fb2,1.45144,1.45951
186,fb0,2.19701,1.61728
186,fb1,1.77678,0.758668
186,fb2,1.45129,1.45912
187,fb0,2.19758,1.61603
187,fb1,1.77689,0.757655
187,fb2,1.45114,1.4587
188,fb0,2.19814,1.61477
188,fb1,1.77699,0.756649
188,fb2,1.45098,1.45828
189,fb0,2.19868,1.6135
189,fb1,1.77709,0.755648
189,fb2,1.45082,1.45784
190,fb0,2.19921,1.61221
190,fb1,1.77719,0.754653
190,fb2,1.45066,1.45739
191,fb0,2.19972,1.61092
191,fb1,1.77728,0.753664
191,fb2,1.4505,1.45693
192,fb0,2.20022,1.60961
192,fb1,1.77737,0.752679
192,fb2,1.45034,1.45645
193,fb0,2.20071,1.6083
193,fb1,1.77746,0.7517
193,fb2,1.45017,1.45596
194,fb0,2.20118,1.60697
194,fb1,1.77754,0.750725
194,fb2,1.45001,1.45546
195,fb0,2.20164,1.60563
195,fb1,1.77762,0.749755
195,fb2,1.44984,1.45495
196,fb0,2.20208,1.60428
196,fb1,1.77769,0.74879
196,fb2,1.44968,1.45443
197,fb0,2.2025,1.60293
197,fb1,1.77776,0.747828
197,fb2,1.44951,1.4539
198,fb0,2.20292,1.60156
198,fb1,1.77782,0.746871
198,fb2,1.44935,1.45336
199,fb0,2.20331,1.60019
199,fb1,1.77789,0.745918
199,fb2,1.44918,1.45281
200,fb0,2.2037,1.5988
200,fb1,1.77795,0.744968
200,fb2,1.44902,1.45224
201,fb0,2.20406,1.59741
201,fb1,1.778,0.744022
201,fb2,1.44886,1.45167
202,fb0,2.20442,1.59602
202,fb1,1.77805,0.743079
202,fb2,1.4487,1.45109
203,fb0,2.20475,1.59461
203,fb1,1.7781,0.742139
203,fb2,1.44854,1.4505
204,fb0,2.20507,1.5932
204,fb1,1.77815,0.741203
204,fb2,1.44838,1.4499
205,fb0,2.20538,1.59178
205,fb1,1.77819,0.740269
205,fb2,1.44823,1.4493
206,fb0,2.20567,1.59035
206,fb1,1.77823,0.739339
206,fb2,1.44808,1.44868
207,fb0,2.20594,1.58892
207,fb1,1.77826,0.738411
207,fb2,1.44793,1.44806
208,fb0,2.2062,1.58749
208,fb1,1.77829,0.737486
208,fb2,1.44778,1.44743
209,fb0,2.20645,1.58604
209,fb1,1.77832,0.736563
209,fb2,1.44764,1.44679
210,fb0,2.20668,1.5846
210,fb1,1.77835,0.735643
210,fb2,1.4475,1.44615
211,fb0,2.20689,1.58315
211,fb1,1.77837,0.734725
211,fb2,1.44736,1.4455
212,fb0,2.20709,1.58169
212,fb1,1.77839,0.733809
212,fb2,1.44723,1.44484
213,fb0,2.20727,1.58024
213,fb1,1.7784,0.732896
213,fb2,1.4471,1.44418
214,fb0,2.20744,1.57878
214,fb1,1.77842,0.731984
214,fb2,1.44697,1.44351
215,fb0,2.20759,1.57731
215,fb1,1.77843,0.731075
215,fb2,1.44685,1.44284
216,fb0,2.20773,1.57585
216,fb1,1.77843,0.730167
216,fb2,1.44673,1.44216
217,fb0,2.20785,1.57438
217,fb1,1.77844,0.729261
217,fb2,1.44662,1.44148
218,fb0,2.20796,1.57291
218,fb1,1.77844,0.728357
218,fb2,1.44651,1.44079
219,fb0,2.20806,1.57144
219,fb1,1.77844,0.727454
219,fb2,1.44641,1.4401
220,fb0,2.20814,1.56996
220,fb1,1.77843,0.726553
220,fb2,1.4463,1.4394
221,fb0,2.2082,1.56849
221,fb1,1.77843,0.725653
221,fb2,1.44621,1.43871
222,fb0,2.20825,1.56701
222,fb1,1.77842,0.724755
222,fb2,1.44612,1.438
223,fb0,2.20829,1.56554
223,fb1,1.7784,0.723858
223,fb2,1.44603,1.4373
224,fb0,2.20831,1.56407
224,fb1,1.77839,0.722963
224,fb2,1.44595,1.43659
225,fb0,2.20832,1.56259
225,fb1,1.77837,0.722068
225,fb2,1.44587,1.43588
226,fb0,2.20832,1.56112
226,fb1,1.77835,0.721175
226,fb2,1.44579,1.43516
227,fb0,2.20831,1.55965
227,fb1,1.77832,0.720284
227,fb2,1.44572,1.43445
228,fb0,2.20828,1.55818
228,fb1,1.7783,0.719393
228,fb2,1.44566,1.43373
229,fb0,2.20823,1.55671
229,fb1,1.77827,0.718503
229,fb2,1.4456,1.43301
230,fb0,2.20818,1.55524
230,fb1,1.77823,0.717614
230,fb2,1.44555,1.43229
231,fb0,2.20811,1.55378
231,fb1,1.7782,0.716726
231,fb2,1.4455,1.43157
232,fb0,2.20803,1.55231
232,fb1,1.77816,0.71584
232,fb2,1.44545,1.43085
233,fb0,2.20794,1.55085
233,fb1,1.77812,0.714954
233,fb2,1.44541,1.43013
234,fb0,2.20784,1.5494
234,fb1,1.77808,0.714069
234,fb2,1.44537,1.4294
235,fb0,2.20773,1.54794
235,fb1,1.77803,0.713184
235,fb2,1.44534,1.42868
236,fb0,2.2076,1.54649
236,fb1,1.77798,0.712301
236,fb2,1.44531,1.42796
237,fb0,2.20747,1.54505
237,fb1,1.77793,0.711418
237,fb2,1.44529,1.42723
238,fb0,2.20732,1.5436
238,fb1,1.77788,0.710536
238,fb2,1.44527,1.42651
239,fb0,2.20717,1.54216
239,fb1,1.77783,0.709655
239,fb2,1.44526,1.42579
240,fb0,2.207,1.54073
240,fb1,1.77777,0.708774
240,fb2,1.44525,1.42507
241,fb0,2.20682,1.5393
241,fb1,1.77771,0.707894
241,fb2,1.44525,1.42435
242,fb0,2.20664,1.53787
242,fb1,1.77764,0.707015
242,fb2,1.44524,1.42363
243,fb0,2.20644,1.53645
243,fb1,1.77758,0.706137
243,fb2,1.44525,1.42291
244,fb0,2.20624,1.53504
244,fb1,1.77751,0.705259
244,fb2,1.44525,1.42219
245,fb0,2.20602,1.53363
245,fb1,1.77744,0.704381
245,fb2,1.44527,1.42148
246,fb0,2.2058,1.53222
246,fb1,1.77737,0.703505
246,fb2,1.44528,1.42077
247,fb0,2.20557,1.53082
247,fb1,1.77729,0.702628
247,fb2,1.4453,1.42006
248,fb0,2.20533,1.52942
248,fb1,1.77722,0.701753
248,fb2,1.44532,1.41935
249,fb0,2.20508,1.52804
249,fb1,1.77714,0.700878
249,fb2,1.44535,1.41864
250,fb0,2.20483,1.52665
250,fb1,1.77705,0.700003
250,fb2,1.44538,1.41793
251,fb0,2.20457,1.52527
251,fb1,1.77697,0.69913
251,fb2,1.44541,1.41723
252,fb0,2.2043,1.5239
252,fb1,1.77688,0.698256
252,fb2,1.44545,1.41653
253,fb0,2.20402,1.52254
253,fb1,1.77679,0.697383
253,fb2,1.44549,1.41583
254,fb0,2.20374,1.52118
254,fb1,1.7767,0.696511
254,fb2,1.44553,1.41514
255,fb0,2.20345,1.51983
255,fb1,1.77661,0.695639
255,fb2,1.44558,1.41445
256,fb0,2.20316,1.51848
256,fb1,1.77651,0.694768
256,fb2,1.44562,1.41376
257,fb0,2.20286,1.51714
257,fb1,1.77641,0.693898
257,fb2,1.44568,1.41307
258,fb0,2.20255,1.5158
258,fb1,1.77631,0.693028
258,fb2,1.44573,1.41239
259,fb0,2.20224,1.51448
259,fb1,1.77621,0.692158
259,fb2,1.44579,1.41171
260,fb0,2.20193,1.51316
260,fb1,1.77611,0.691289
260,fb2,1.44585,1.41103
261,fb0,2.20161,1.51184
261,fb1,1.776,0.690421
261,fb2,1.44591,1.41036
262,fb0,2.20128,1.51054
262,fb1,1.77589,0.689553
262,fb2,1.44598,1.40969
263,fb0,2.20095,1.50924
263,fb1,1.77578,0.688686
263,fb2,1.44604,1.40902
264,fb0,2.20062,1.50794
264,fb1,1.77567,0.687819
264,fb2,1.44611,1.40835
265,fb0,2.20028,1.50666
265,fb1,1.77555,0.686953
265,fb2,1.44618,1.40769
266,fb0,2.19994,1.50538
266,fb1,1.77543,0.686087
266,fb2,1.44626,1.40703
267,fb0,2.19959,1.5041
267,fb1,1.77531,0.685222
267,fb2,1.44633,1.40638
268,fb0,2.19924,1.50284
268,fb1,1.77519,0.684358
268,fb2,1.44641,1.40572
269,fb0,2.19889,1.50158
269,fb1,1.77507,0.683494
269,fb2,1.44649,1.40507
270,fb0,2.19854,1.50033
270,fb1,1.77494,0.682631
270,fb2,1.44657,1.40443
271,fb0,2.19818,1.49908
271,fb1,1.77481,0.681769
271,fb2,1.44665,1.40378
272,fb0,2.19782,1.49784
272,fb1,1.77468,0.680907
272,fb2,1.44674,1.40314
273,fb0,2.19745,1.49661
273,fb1,1.77455,0.680046
273,fb2,1.44682,1.40251
274,fb0,2.19709,1.49539
274,fb1,1.77441,0.679185
274,fb2,1.44691,1.40187
275,fb0,2.19672,1.49417
275,fb1,1.77428,0.678325
275,fb2,1.447,1.40124
276,fb0,2.19635,1.49296
276,fb1,1.77414,0.677466
276,fb2,1.44709,1.40061
277,fb0,2.19598,1.49175
277,fb1,1.774,0.676607
277,fb2,1.44718,1.39998
278,fb0,2.19561,1.49055
278,fb1,1.77386,0.67575
278,fb2,1.44727,1.39936
279,fb0,2.19524,1.48936
279,fb1,1.77371,0.674893
279,fb2,1.44736,1.39874
280,fb0,2.19486,1.48818
280,fb1,1.77357,0.674036
280,fb2,1.44746,1.39812
281,fb0,2.19449,1.487
281,fb1,1.77342,0.67318
281,fb2,1.44755,1.3975
282,fb0,2.19411,1.48583
282,fb1,1.77327,0.672326
282,fb2,1.44765,1.39689
283,fb0,2.19374,1.48467
283,fb1,1.77312,0.671471
283,fb2,1.44774,1.39628
284,fb0,2.19336,1.48351
284,fb1,1.77296,0.670618
284,fb2,1.44784,1.39567
285,fb0,2.19298,1.48236
285,fb1,1.77281,0.669765
285,fb2,1.44794,1.39506
286,fb0,2.1926,1.48121
286,fb1,1.77265,0.668913
286,fb2,1.44804,1.39446
287,fb0,2.19223,1.48007
287,fb1,1.77249,0.668062
287,fb2,1.44814,1.39385
288,fb0,2.19186,1.47893
288,fb1,1.77233,0.667212
288,fb2,1.44824,1.39325
289,fb0,2.19149,1.4778
289,fb1,1.77217,0.666362
289,fb2,1.44834,1.39265
290,fb0,2.19112,1.47668
290,fb1,1.772,0.665514
290,fb2,1.44844,1.39205
291,fb0,2.19075,1.47556
291,fb1,1.77183,0.664666
291,fb2,1.44854,1.39145
292,fb0,2.19038,1.47445
292,fb1,1.77167,0.663819
292,fb2,1.44864,1.39085
293,fb0,2.19002,1.47334
293,fb1,1.7715,0.662972
293,fb2,1.44875,1.39026
294,fb0,2.18966,1.47224
294,fb1,1.77132,0.662127
294,fb2,1.44885,1.38966
295,fb0,2.1893,1.47114
295,fb1,1.77115,0.661282
295,fb2,1.44895,1.38906
296,fb0,2.18894,1.47005
296,fb1,1.77097,0.660438
296,fb2,1.44905,1.38847
297,fb0,2.18858,1.46896
297,fb1,1.7708,0.659595
297,fb2,1.44915,1.38788
298,fb0,2.18822,1.46787
298,fb1,1.77062,0.658753
298,fb2,1.44925,1.38728
299,fb0,2.18787,1.4668
299,fb1,1.77044,0.657912
299,fb2,1.44936,1.38669
300,fb0,2.18752,1.46572
300,fb1,1.77025,0.657071
300,fb2,1.44946,1.38609
301,fb0,2.18716,1.46465
301,fb1,1.77007,0.656231
301,fb2,1.44956,1.3855
302,fb0,2.18682,1.46359
302,fb1,1.76988,0.655392
302,fb2,1.44966,1.3849
303,fb0,2.18647,1.46253
303,fb1,1.7697,0.654554
303,fb2,1.44976,1.38431
304,fb0,2.18612,1.46147
304,fb1,1.76951,0.653717
304,fb2,1.44987,1.38371
305,fb0,2.18577,1.46042
305,fb1,1.76932,0.652881
305,fb2,1.44997,1.38312
306,fb0,2.18543,1.45938
306,fb1,1.76912,0.652045
306,fb2,1.45007,1.38252
307,fb0,2.18509,1.45833
307,fb1,1.76893,0.65121
307,fb2,1.45017,1.38192
308,fb0,2.18475,1.4573
308,fb1,1.76874,0.650376
308,fb2,1.45027,1.38132
309,fb0,2.18441,1.45626
309,fb1,1.76854,0.649543
309,fb2,1.45038,1.38072
310,fb0,2.18407,1.45523
310,fb1,1.76834,0.64871
310,fb2,1.45048,1.38012
311,fb0,2.18373,1.4542
311,fb1,1.76814,0.647878
311,fb2,1.45058,1.37951
312,fb0,2.1834,1.45318
312,fb1,1.76794,0.647047
312,fb2,1.45069,1.37891
313,fb0,2.18306,1.45216
313,fb1,1.76773,0.646217
313,fb2,1.45079,1.3783
314,fb0,2.18273,1.45115
314,fb1,1.76753,0.645387
314,fb2,1.45089,1.37769
315,fb0,2.1824,1.45014
315,fb1,1.76732,0.644559
315,fb2,1.451,1.37708
316,fb0,2.18206,1.44913
316,fb1,1.76711,0.64373
316,fb2,1.4511,1.37647
317,fb0,2.18173,1.44812
317,fb1,1.7669,0.642903
317,fb2,1.4512,1.37585
318,fb0,2.18141,1.44712
318,fb1,1.76669,0.642076
318,fb2,1.45131,1.37524
319,fb0,2.18108,1.44612
319,fb1,1.76648,0.64125
319,fb2,1.45141,1.37462
320,fb0,2.18075,1.44513
320,fb1,1.76626,0.640425
320,fb2,1.45151,1.37399
321,fb0,2.18042,1.44414
321,fb1,1.76605,0.6396
321,fb2,1.45161,1.37337
322,fb0,2.1801,1.44315
322,fb1,1.76583,0.638776
322,fb2,1.45171,1.37274
323,fb0,2.17978,1.44216
323,fb1,1.76561,0.637953
323,fb2,1.45181,1.3721
324,fb0,2.17945,1.44118
324,fb1,1.76539,0.63713
324,fb2,1.45191,1.37147
325,fb0,2.17913,1.4402
325,fb1,1.76517,0.636307
325,fb2,1.45201,1.37083
326,fb0,2.17881,1.43922
326,fb1,1.76495,0.635485
326,fb2,1.4521,1.37019
327,fb0,2.17849,1.43824
327,fb1,1.76472,0.634664
327,fb2,1.4522,1.36954
328,fb0,2.17817,1.43727
328,fb1,1.76449,0.633843
328,fb2,1.45229,1.36889
329,fb0,2.17785,1.4363
329,fb1,1.76427,0.633023
329,fb2,1.45239,1.36824
330,fb0,2.17754,1.43533
330,fb1,1.76404,0.632204
330,fb2,1.45248,1.36758
331,fb0,2.17723,1.43436
331,fb1,1.76381,0.631384
331,fb2,1.45257,1.36692
332,fb0,2.17692,1.43339
332,fb1,1.76357,0.630565
332,fb2,1.45267,1.36626
333,fb0,2.17661,1.43242
333,fb1,1.76334,0.629747
333,fb2,1.45276,1.36559
334,fb0,2.17631,1.43146
334,fb1,1.76311,0.628929
334,fb2,1.45284,1.36491
335,fb0,2.17601,1.43049
335,fb1,1.76287,0.628111
335,fb2,1.45293,1.36423
336,fb0,2.17571,1.42953
336,fb1,1.76263,0.627294
336,fb2,1.45302,1.36355
337,fb0,2.17541,1.42856
337,fb1,1.76239,0.626477
337,fb2,1.4531,1.36286
338,fb0,2.17512,1.4276
338,fb1,1.76215,0.62566
338,fb2,1.45318,1.36217
339,fb0,2.17483,1.42664
339,fb1,1.76191,0.624844
339,fb2,1.45327,1.36148
340,fb0,2.17454,1.42568
340,fb1,1.76167,0.624028
340,fb2,1.45335,1.36078
341,fb0,2.17426,1.42472
341,fb1,1.76142,0.623212
341,fb2,1.45342,1.36007
342,fb0,2.17397,1.42376
342,fb1,1.76118,0.622396
342,fb2,1.4535,1.35936
343,fb0,2.17369,1.42279
343,fb1,1.76093,0.62158
343,fb2,1.45357,1.35865
344,fb0,2.17342,1.42183
344,fb1,1.76068,0.620765
344,fb2,1.45364,1.35793
345,fb0,2.17314,1.42087
345,fb1,1.76043,0.61995
345,fb2,1.45371,1.3572
346,fb0,2.17287,1.41991
346,fb1,1.76018,0.619135
346,fb2,1.45378,1.35648
347,fb0,2.1726,1.41895
347,fb1,1.75993,0.61832
347,fb2,1.45385,1.35574
348,fb0,2.17234,1.41799
348,fb1,1.75967,0.617505
348,fb2,1.45391,1.355
349,fb0,2.17208,1.41702
349,fb1,1.75942,0.61669
349,fb2,1.45397,1.35426
350,fb0,2.17182,1.41606
350,fb1,1.75916,0.615875
350,fb2,1.45403,1.35351
351,fb0,2.17156,1.4151
351,fb1,1.7589,0.61506
351,fb2,1.45408,1.35276
352,fb0,2.17131,1.41413
352,fb1,1.75864,0.614245
352,fb2,1.45413,1.352
353,fb0,2.17106,1.41317
353,fb1,1.75838,0.613429
353,fb2,1.45418,1.35124
354,fb0,2.17081,1.4122
354,fb1,1.75812,0.612614
354,fb2,1.45423,1.35047
355,fb0,2.17056,1.41123
355,fb1,1.75786,0.611799
355,fb2,1.45427,1.3497
356,fb0,2.17032,1.41026
356,fb1,1.75759,0.610983
356,fb2,1.45431,1.34893
357,fb0,2.17008,1.4093
357,fb1,1.75733,0.610167
357,fb2,1.45435,1.34815
358,fb0,2.16985,1.40833
358,fb1,1.75706,0.609351
358,fb2,1.45438,1.34736
359,fb0,2.16962,1.40735
359,fb1,1.7568,0.608534
359,fb2,1.45441,1.34657
360,fb0,2.16939,1.40638
360,fb1,1.75653,0.607716
360,fb2,1.45444,1.34578
361,fb0,2.16917,1.40541
361,fb1,1.75627,0.606898
361,fb2,1.45446,1.34498
362,fb0,2.16894,1.40443
362,fb1,1.756,0.606079
362,fb2,1.45448,1.34418
363,fb0,2.16873,1.40346
363,fb1,1.75573,0.605259
363,fb2,1.4545,1.34338
364,fb0,2.16851,1.40248
364,fb1,1.75547,0.604439
364,fb2,1.45451,1.34257
365,fb0,2.1683,1.4015
365,fb1,1.7552,0.603618
365,fb2,1.45452,1.34175
366,fb0,2.16809,1.40052
366,fb1,1.75493,0.602797
366,fb2,1.45452,1.34094
367,fb0,2.16789,1.39954
367,fb1,1.75467,0.601975
367,fb2,1.45452,1.34011
368,fb0,2.16769,1.39856
368,fb1,1.7544,0.601152
368,fb2,1.45452,1.33929
369,fb0,2.16749,1.39758
369,fb1,1.75413,0.600328
369,fb2,1.45451,1.33846
370,fb0,2.1673,1.39659
370,fb1,1.75387,0.599504
370,fb2,1.4545,1.33763
371,fb0,2.16711,1.3956
371,fb1,1.7536,0.598679
371,fb2,1.45448,1.3368
372,fb0,2.16692,1.39462
372,fb1,1.75333,0.597853
372,fb2,1.45446,1.33596
373,fb0,2.16674,1.39363
373,fb1,1.75306,0.597027
373,fb2,1.45444,1.33512
374,fb0,2.16656,1.39264
374,fb1,1.75279,0.5962
374,fb2,1.45441,1.33428
375,fb0,2.16638,1.39165
375,fb1,1.75252,0.595372
375,fb2,1.45438,1.33343
376,fb0,2.16621,1.39065
376,fb1,1.75226,0.594543
376,fb2,1.45434,1.33259
377,fb0,2.16604,1.38966
377,fb1,1.75199,0.593714
377,fb2,1.4543,1.33174
378,fb0,2.16588,1.38867
378,fb1,1.75172,0.592884
378,fb2,1.45425,1.33089
379,fb0,2.16572,1.38767
379,fb1,1.75145,0.592053
379,fb2,1.4542,1.33003
380,fb0,2.16556,1.38667
380,fb1,1.75118,0.591221
380,fb2,1.45414,1.32918
381,fb0,2.16541,1.38568
381,fb1,1.75091,0.590389
381,fb2,1.45408,1.32832
382,fb0,2.16526,1.38468
382,fb1,1.75064,0.589556
382,fb2,1.45402,1.32746
383,fb0,2.16511,1.38368
383,fb1,1.75036,0.588722
383,fb2,1.45395,1.3266
384,fb0,2.16497,1.38268
384,fb1,1.75009,0.587887
384,fb2,1.45388,1.32574
385,fb0,2.16483,1.38168
385,fb1,1.74982,0.587052
385,fb2,1.4538,1.32488
386,fb0,2.1647,1.38068
386,fb1,1.74955,0.586216
386,fb2,1.45371,1.32402
387,fb0,2.16457,1.37967
387,fb1,1.74928,0.585379
387,fb2,1.45363,1.32316
388,fb0,2.16444,1.37867
388,fb1,1.74901,0.584542
388,fb2,1.45354,1.3223
389,fb0,2.16432,1.37767
389,fb1,1.74874,0.583704
389,fb2,1.45344,1.32144
390,fb0,2.1642,1.37666
390,fb1,1.74846,0.582865
390,fb2,1.45334,1.32058
391,fb0,2.16408,1.37566
391,fb1,1.74819,0.582025
391,fb2,1.45323,1.31971
392,fb0,2.16397,1.37465
392,fb1,1.74792,0.581185
392,fb2,1.45312,1.31885
393,fb0,2.16386,1.37365
393,fb1,1.74765,0.580345
393,fb2,1.45301,1.31799
394,fb0,2.16375,1.37264
394,fb1,1.74737,0.579503
394,fb2,1.45289,1.31713
395,fb0,2.16365,1.37164
395,fb1,1.7471,0.578662
395,fb2,1.45277,1.31627
396,fb0,2.16356,1.37063
396,fb1,1.74683,0.577819
396,fb2,1.45265,1.31542
397,fb0,2.16346,1.36962
397,fb1,1.74655,0.576976
397,fb2,1.45252,1.31456
398,fb0,2.16337,1.36862
398,fb1,1.74628,0.576133
398,fb2,1.45238,1.3137
399,fb0,2.16328,1.36761
399,fb1,1.746,0.575289
399,fb2,1.45224,1.31285
400,fb0,2.1632,1.36661
400,fb1,1.74573,0.574445
400,fb2,1.4521,1.312
401,fb0,2.16312,1.3656
401,fb1,1.74546,0.5736
401,fb2,1.45196,1.31115
402,fb0,2.16304,1.36459
402,fb1,1.74518,0.572754
402,fb2,1.45181,1.3103
403,fb0,2.16297,1.36359
403,fb1,1.74491,0.571909
403,fb2,1.45165,1.30945
404,fb0,2.16289,1.36258
404,fb1,1.74463,0.571063
404,fb2,1.4515,1.30861
405,fb0,2.16283,1.36158
405,fb1,1.74436,0.570216
405,fb2,1.45134,1.30777
406,fb0,2.16276,1.36057
406,fb1,1.74408,0.56937
406,fb2,1.45117,1.30693
407,fb0,2.1627,1.35957
407,fb1,1.74381,0.568523
407,fb2,1.45101,1.30609
408,fb0,2.16264,1.35856
408,fb1,1.74353,0.567676
408,fb2,1.45084,1.30526
409,fb0,2.16259,1.35756
409,fb1,1.74326,0.566828
409,fb2,1.45066,1.30443
410,fb0,2.16253,1.35656
410,fb1,1.74298,0.565981
410,fb2,1.45049,1.3036
411,fb0,2.16248,1.35555
411,fb1,1.74271,0.565133
411,fb2,1.45031,1.30278
412,fb0,2.16244,1.35455
412,fb1,1.74243,0.564285
412,fb2,1.45013,1.30196
413,fb0,2.16239,1.35355
413,fb1,1.74216,0.563437
413,fb2,1.44994,1.30114
414,fb0,2.16235,1.35255
414,fb1,1.74188,0.562589
414,fb2,1.44975,1.30032
415,fb0,2.16231,1.35155
415,fb1,1.7416,0.561741
415,fb2,1.44956,1.29951
416,fb0,2.16227,1.35055
416,fb1,1.74133,0.560893
416,fb2,1.44937,1.2987
417,fb0,2.16224,1.34955
417,fb1,1.74105,0.560044
417,fb2,1.44918,1.2979
418,fb0,2.16221,1.34855
418,fb1,1.74078,0.559196
418,fb2,1.44898,1.2971
419,fb0,2.16218,1.34755
419,fb1,1.7405,0.558348
419,fb2,1.44878,1.2963
420,fb0,2.16215,1.34655
420,fb1,1.74023,0.557501
420,fb2,1.44858,1.29551
421,fb0,2.16213,1.34556
421,fb1,1.73995,0.556653
421,fb2,1.44837,1.29472
422,fb0,2.1621,1.34456
422,fb1,1.73968,0.555805
422,fb2,1.44817,1.29393
423,fb0,2.16208,1.34356
423,fb1,1.7394,0.554958
423,fb2,1.44796,1.29315
424,fb0,2.16206,1.34257
424,fb1,1.73913,0.554111
424,fb2,1.44775,1.29237
425,fb0,2.16205,1.34157
425,fb1,1.73885,0.553264
425,fb2,1.44754,1.29159
426,fb0,2.16203,1.34058
426,fb1,1.73858,0.552418
426,fb2,1.44733,1.29082
427,fb0,2.16202,1.33959
427,fb1,1.7383,0.551572
427,fb2,1.44711,1.29005
428,fb0,2.16201,1.33859
428,fb1,1.73803,0.550726
428,fb2,1.4469,1.28929
429,fb0,2.162,1.3376
429,fb1,1.73775,0.54988
429,fb2,1.44668,1.28853
430,fb0,2.16199,1.33661
430,fb1,1.73748,0.549035
430,fb2,1.44646,1.28777
431,fb0,2.16198,1.33561
431,fb1,1.73721,0.548191
431,fb2,1.44624,1.28702
432,fb0,2.16198,1.33462
432,fb1,1.73693,0.547347
432,fb2,1.44602,1.28627
433,fb0,2.16197,1.33363
433,fb1,1.73666,0.546503
433,fb2,1.4458,1.28553
434,fb0,2.16196,1.33264
434,fb1,1.73638,0.54566
434,fb2,1.44557,1.28478
435,fb0,2.16195,1.33165
435,fb1,1.73611,0.544817
435,fb2,1.44535,1.28405
436,fb0,2.16195,1.33066
436,fb1,1.73584,0.543975
436,fb2,1.44513,1.28331
437,fb0,2.16194,1.32967
437,fb1,1.73556,0.543134
437,fb2,1.4449,1.28258
438,fb0,2.16193,1.32868
438,fb1,1.73529,0.542293
438,fb2,1.44467,1.28185
439,fb0,2.16192,1.32769
439,fb1,1.73502,0.541452
439,fb2,1.44444,1.28113
440,fb0,2.16192,1.32671
440,fb1,1.73475,0.540613
440,fb2,1.44422,1.28041
441,fb0,2.16191,1.32572
441,fb1,1.73447,0.539774
441,fb2,1.44399,1.27969
442,fb0,2.1619,1.32473
442,fb1,1.7342,0.538936
442,fb2,1.44376,1.27898
443,fb0,2.16189,1.32374
443,fb1,1.73393,0.538098
443,fb2,1.44353,1.27827
444,fb0,2.16189,1.32275
444,fb1,1.73366,0.537261
444,fb2,1.4433,1.27756
445,fb0,2.16188,1.32176
445,fb1,1.73339,0.536425
445,fb2,1.44306,1.27685
446,fb0,2.16187,1.32078
446,fb1,1.73311,0.535589
446,fb2,1.44283,1.27615
447,fb0,2.16186,1.31979
447,fb1,1.73284,0.534755
447,fb2,1.4426,1.27545
448,fb0,2.16186,1.3188
448,fb1,1.73257,0.533921
448,fb2,1.44237,1.27476
449,fb0,2.16185,1.31781
449,fb1,1.7323,0.533087
449,fb2,1.44214,1.27406
450,fb0,2.16184,1.31682
450,fb1,1.73203,0.532255
450,fb2,1.4419,1.27337
451,fb0,2.16183,1.31584
451,fb1,1.73176,0.531423
451,fb2,1.44167,1.27268
452,fb0,2.16183,1.31485
452,fb1,1.73149,0.530593
452,fb2,1.44143,1.272
453,fb0,2.16182,1.31386
453,fb1,1.73122,0.529763
453,fb2,1.4412,1.27132
454,fb0,2.16181,1.31287
454,fb1,1.73095,0.528933
454,fb2,1.44097,1.27064
455,fb0,2.1618,1.31188
455,fb1,1.73068,0.528105
455,fb2,1.44073,1.26996
456,fb0,2.1618,1.31089
456,fb1,1.73042,0.527278
456,fb2,1.4405,1.26928
457,fb0,2.16179,1.30991
457,fb1,1.73015,0.526451
457,fb2,1.44026,1.26861
458,fb0,2.16178,1.30892
458,fb1,1.72988,0.525625
458,fb2,1.44003,1.26794
459,fb0,2.16177,1.30793
459,fb1,1.72961,0.5248
459,fb2,1.43979,1.26727
460,fb0,2.16177,1.30694
460,fb1,1.72934,0.523976
460,fb2,1.43956,1.2666
461,fb0,2.16176,1.30595
461,fb1,1.72908,0.523153
461,fb2,1.43933,1.26594
462,fb0,2.16175,1.30496
462,fb1,1.72881,0.52233
462,fb2,1.4391,1.26527
463,fb0,2.16174,1.30396
463,fb1,1.72854,0.521509
463,fb2,1.43887,1.26461
464,fb0,2.16174,1.30297
464,fb1,1.72828,0.520688
464,fb2,1.43864,1.26395
465,fb0,2.16173,1.30198
465,fb1,1.72801,0.519868
465,fb2,1.43841,1.26329
466,fb0,2.16172,1.30099
466,fb1,1.72774,0.519049
466,fb2,1.43818,1.26263
467,fb0,2.16171,1.3
467,fb1,1.72748,0.518231
467,fb2,1.43795,1.26198
468,fb0,2.16171,1.299
468,fb1,1.72721,0.517414
468,fb2,1.43772,1.26132
469,fb0,2.1617,1.29801
469,fb1,1.72695,0.516598
469,fb2,1.43749,1.26067
470,fb0,2.16169,1.29701
470,fb1,1.72668,0.515782
470,fb2,1.43726,1.26002
471,fb0,2.16168,1.29602
471,fb1,1.72642,0.514968
471,fb2,1.43704,1.25937
472,fb0,2.16168,1.29502
472,fb1,1.72615,0.514154
472,fb2,1.43681,1.25872
473,fb0,2.16167,1.29403
473,fb1,1.72589,0.513341
473,fb2,1.43658,1.25807
474,fb0,2.16166,1.29303
474,fb1,1.72563,0.512529
474,fb2,1.43636,1.25742
475,fb0,2.16165,1.29204
475,fb1,1.72536,0.511718
475,fb2,1.43613,1.25678
476,fb0,2.16165,1.29104
476,fb1,1.7251,0.510907
476,fb2,1.43591,1.25613
477,fb0,2.16164,1.29004
477,fb1,1.72484,0.510098
477,fb2,1.43568,1.25549
478,fb0,2.16163,1.28904
478,fb1,1.72458,0.509289
478,fb2,1.43546,1.25485
479,fb0,2.16162,1.28804
479,fb1,1.72431,0.508481
479,fb2,1.43524,1.2542
480,fb0,2.16162,1.28704
480,fb1,1.72405,0.507674
480,fb2,1.43501,1.25356
481,fb0,2.16161,1.28604
481,fb1,1.72379,0.506868
481,fb2,1.43479,1.25292
482,fb0,2.1616,1.28504
482,fb1,1.72353,0.506062
482,fb2,1.43457,1.25228
483,fb0,2.16159,1.28404
483,fb1,1.72327,0.505258
483,fb2,1.43434,1.25165
484,fb0,2.16159,1.28303
484,fb1,1.72301,0.504454
484,fb2,1.43412,1.25101
485,fb0,2.16158,1.28203
485,fb1,1.72274,0.503651
485,fb2,1.4339,1.25037
486,fb0,2.16157,1.28102
486,fb1,1.72248,0.502849
486,fb2,1.43368,1.24973
487,fb0,2.16156,1.28002
487,fb1,1.72222,0.502047
487,fb2,1.43345,1.2491
488,fb0,2.16155,1.27901
488,fb1,1.72196,0.501246
488,fb2,1.43323,1.24846
489,fb0,2.16155,1.27801
489,fb1,1.7217,0.500447
489,fb2,1.43301,1.24783
490,fb0,2.16154,1.277
490,fb1,1.72144,0.499648
490,fb2,1.43279,1.24719
491,fb0,2.16153,1.27599
491,fb1,1.72119,0.498849
491,fb2,1.43257,1.24656
492,fb0,2.16152,1.27498
492,fb1,1.72093,0.498052
492,fb2,1.43235,1.24592
493,fb0,2.16152,1.27397
493,fb1,1.72067,0.497255
493,fb2,1.43213,1.24529
494,fb0,2.16151,1.27296
494,fb1,1.72041,0.496459
494,fb2,1.4319,1.24466
495,fb0,2.1615,1.27195
495,fb1,1.72015,0.495663
495,fb2,1.43168,1.24402
496,fb0,2.16149,1.27094
496,fb1,1.71989,0.494869
496,fb2,1.43146,1.24339
497,fb0,2.16149,1.26992
497,fb1,1.71964,0.494075
497,fb2,1.43124,1.24276
498,fb0,2.16148,1.26891
498,fb1,1.71938,0.493282
498,fb2,1.43102,1.24213
499,fb0,2.16147,1.26789
499,fb1,1.71912,0.492489
499,fb2,1.4308,1.24149
500,fb0,2.16145,1.26688
500,fb1,1.71886,0.491697
500,fb2,1.43058,1.24086
501,fb0,2.16144,1.26586
501,fb1,1.71861,0.490906
501,fb2,1.43036,1.24023
502,fb0,2.16142,1.26484
502,fb1,1.71835,0.490116
502,fb2,1.43014,1.2396
503,fb0,2.16141,1.26382
503,fb1,1.71809,0.489326
503,fb2,1.42992,1.23897
504,fb0,2.16139,1.2628
504,fb1,1.71784,0.488537
504,fb2,1.4297,1.23833
505,fb0,2.16136,1.26178
505,fb1,1.71758,0.487749
505,fb2,1.42948,1.2377
506,fb0,2.16134,1.26076
506,fb1,1.71733,0.486961
506,fb2,1.42926,1.23707
507,fb0,2.16132,1.25974
507,fb1,1.71707,0.486174
507,fb2,1.42904,1.23644
508,fb0,2.16129,1.25871
508,fb1,1.71681,0.485387
508,fb2,1.42882,1.2358
509,fb0,2.16126,1.25769
509,fb1,1.71656,0.484601
509,fb2,1.4286,1.23517
510,fb0,2.16123,1.25666
510,fb1,1.71637,0.484003
510,fb2,1.42838,1.23454
511,fb0,2.16119,1.25564
511,fb1,1.71618,0.483424
511,fb2,1.42799,1.23341
512,fb0,2.16116,1.25461
512,fb1,1.716,0.482842
512,fb2,1.42756,1.23224
513,fb0,2.16112,1.25358
513,fb1,1.71582,0.482259
513,fb2,1.42711,1.23107
514,fb0,2.16108,1.25255
514,fb1,1.71565,0.481673
514,fb2,1.42664,1.22991
515,fb0,2.16104,1.25152
515,fb1,1.71548,0.481085
515,fb2,1.42614,1.22877
516,fb0,2.161,1.25049
516,fb1,1.71531,0.480495
516,fb2,1.42563,1.22763
517,fb0,2.16095,1.24946
517,fb1,1.71515,0.479903
517,fb2,1.4251,1.2265
518,fb0,2.1609,1.24842
518,fb1,1.71498,0.479309
518,fb2,1.42454,1.22537
519,fb0,2.16085,1.24738
519,fb1,1.71483,0.478712
519,fb2,1.42397,1.22426
520,fb0,2.16079,1.24633
520,fb1,1.71467,0.478114
520,fb2,1.42338,1.22316
521,fb0,2.16074,1.24529
521,fb1,1.71452,0.477514
521,fb2,1.42276,1.22207
522,fb0,2.16067,1.24424
522,fb1,1.71438,0.476912
522,fb2,1.42213,1.221
523,fb0,2.16061,1.24319
523,fb1,1.71423,0.476308
523,fb2,1.42148,1.21993
524,fb0,2.16054,1.24213
524,fb1,1.71409,0.475703
524,fb2,1.42081,1.21887
525,fb0,2.16047,1.24107
525,fb1,1.71396,0.475095
525,fb2,1.42012,1.21783
526,fb0,2.1604,1.24001
526,fb1,1.71383,0.474486
526,fb2,1.41941,1.2168
527,fb0,2.16032,1.23895
527,fb1,1.7137,0.473875
527,fb2,1.41869,1.21578
528,fb0,2.16024,1.23787
528,fb1,1.71357,0.473261
528,fb2,1.41794,1.21478
529,fb0,2.16016,1.2368
529,fb1,1.71345,0.472647
529,fb2,1.41718,1.21379
530,fb0,2.16007,1.23572
530,fb1,1.71333,0.47203
530,fb2,1.4164,1.21281
531,fb0,2.15998,1.23464
531,fb1,1.71321,0.471412
531,fb2,1.41561,1.21185
532,fb0,2.15988,1.23355
532,fb1,1.7131,0.470792
532,fb2,1.41479,1.2109
533,fb0,2.15978,1.23245
533,fb1,1.71299,0.47017
533,fb2,1.41396,1.20996
534,fb0,2.15967,1.23136
534,fb1,1.71289,0.469546
534,fb2,1.41312,1.20904
535,fb0,2.15956,1.23025
535,fb1,1.71278,0.468921
535,fb2,1.41225,1.20814
536,fb0,2.15945,1.22914
536,fb1,1.71268,0.468294
536,fb2,1.41137,1.20725
537,fb0,2.15933,1.22803
537,fb1,1.71259,0.467665
537,fb2,1.41048,1.20638
538,fb0,2.1592,1.22691
538,fb1,1.71249,0.467035
538,fb2,1.40957,1.20552
539,fb0,2.15907,1.22579
539,fb1,1.71241,0.466402
539,fb2,1.40864,1.20468
540,fb0,2.15893,1.22466
540,fb1,1.71232,0.465769
540,fb2,1.4077,1.20386
541,fb0,2.15879,1.22352
541,fb1,1.71224,0.465133
541,fb2,1.40675,1.20305
542,fb0,2.15864,1.22238
542,fb1,1.71216,0.464496
542,fb2,1.40578,1.20226
543,fb0,2.15849,1.22123
543,fb1,1.71208,0.463858
543,fb2,1.40479,1.20149
544,fb0,2.15833,1.22008
544,fb1,1.71201,0.463217
544,fb2,1.4038,1.20074
545,fb0,2.15816,1.21892
545,fb1,1.71194,0.462576
545,fb2,1.40279,1.2
546,fb0,2.15799,1.21776
546,fb1,1.71187,0.461932
546,fb2,1.40176,1.19928
547,fb0,2.15781,1.21659
547,fb1,1.71181,0.461288
547,fb2,1.40073,1.19858
548,fb0,2.15762,1.21541
548,fb1,1.71175,0.460642
548,fb2,1.39968,1.1979
549,fb0,2.15743,1.21423
549,fb1,1.71169,0.459994
549,fb2,1.39862,1.19724
550,fb0,2.15723,1.21304
550,fb1,1.71164,0.459345
550,fb2,1.39755,1.1966
551,fb0,2.15702,1.21185
551,fb1,1.71159,0.458694
551,fb2,1.39647,1.19597
552,fb0,2.1568,1.21065
552,fb1,1.71154,0.458042
552,fb2,1.39537,1.19537
553,fb0,2.15658,1.20945
553,fb1,1.71149,0.457389
553,fb2,1.39427,1.19478
554,fb0,2.15635,1.20824
554,fb1,1.71145,0.456734
554,fb2,1.39315,1.19422
555,fb0,2.15611,1.20703
555,fb1,1.71141,0.456077
555,fb2,1.39203,1.19367
556,fb0,2.15586,1.20581
556,fb1,1.71138,0.455419
556,fb2,1.39089,1.19315
557,fb0,2.15561,1.20459
557,fb1,1.71134,0.45476
557,fb2,1.38975,1.19264
558,fb0,2.15535,1.20336
558,fb1,1.71131,0.454099
558,fb2,1.3886,1.19216
559,fb0,2.15508,1.20212
559,fb1,1.71129,0.453436
559,fb2,1.38744,1.19169
560,fb0,2.1548,1.20089
560,fb1,1.71126,0.452772
560,fb2,1.38627,1.19125
561,fb0,2.15451,1.19965
561,fb1,1.71124,0.452106
561,fb2,1.38509,1.19083
562,fb0,2.15421,1.1984
562,fb1,1.71122,0.451439
562,fb2,1.38391,1.19043
563,fb0,2.15391,1.19715
563,fb1,1.71121,0.45077
563,fb2,1.38272,1.19005
564,fb0,2.15359,1.1959
564,fb1,1.7112,0.4501
564,fb2,1.38152,1.18969
565,fb0,2.15327,1.19464
565,fb1,1.71119,0.449427
565,fb2,1.38031,1.18935
566,fb0,2.15294,1.19338
566,fb1,1.71118,0.448753
566,fb2,1.3791,1.18904
567,fb0,2.15259,1.19211
567,fb1,1.71118,0.448078
567,fb2,1.37789,1.18875
568,fb0,2.15224,1.19085
568,fb1,1.71117,0.4474
568,fb2,1.37667,1.18847
569,fb0,2.15188,1.18958
569,fb1,1.71118,0.446721
569,fb2,1.37545,1.18822
570,fb0,2.15151,1.1883
570,fb1,1.71118,0.446039
570,fb2,1.37422,1.188
571,fb0,2.15114,1.18703
571,fb1,1.71119,0.445356
571,fb2,1.37298,1.18779
572,fb0,2.15075,1.18575
572,fb1,1.71119,0.444671
572,fb2,1.37175,1.18761
573,fb0,2.15035,1.18447
573,fb1,1.71121,0.443983
573,fb2,1.37051,1.18744
574,fb0,2.14994,1.18319
574,fb1,1.71122,0.443294
574,fb2,1.36927,1.1873
575,fb0,2.14953,1.18191
575,fb1,1.71124,0.442602
575,fb2,1.36802,1.18719
576,fb0,2.1491,1.18063
576,fb1,1.71126,0.441908
576,fb2,1.36677,1.18709
577,fb0,2.14867,1.17934
577,fb1,1.71128,0.441212
577,fb2,1.36553,1.18702
578,fb0,2.14822,1.17806
578,fb1,1.7113,0.440514
578,fb2,1.36428,1.18697
579,fb0,2.14777,1.17677
579,fb1,1.71133,0.439813
579,fb2,1.36303,1.18694
580,fb0,2.14731,1.17548
580,fb1,1.71136,0.439109
580,fb2,1.36178,1.18693
581,fb0,2.14683,1.1742
581,fb1,1.71139,0.438403
581,fb2,1.36053,1.18695
582,fb0,2.14635,1.17291
582,fb1,1.71142,0.437694
582,fb2,1.35928,1.18699
583,fb0,2.14586,1.17163
583,fb1,1.71146,0.436982
583,fb2,1.35803,1.18705
584,fb0,2.14536,1.17034
584,fb1,1.7115,0.436268
584,fb2,1.35678,1.18713
585,fb0,2.14485,1.16906
585,fb1,1.71154,0.435551
585,fb2,1.35554,1.18724
586,fb0,2.14433,1.16777
586,fb1,1.71158,0.43483
586,fb2,1.35429,1.18736
587,fb0,2.14381,1.16649
587,fb1,1.71163,0.434107
587,fb2,1.35305,1.18751
588,fb0,2.14327,1.16521
588,fb1,1.71167,0.43338
588,fb2,1.35182,1.18769
589,fb0,2.14272,1.16393
589,fb1,1.71172,0.43265
589,fb2,1.35058,1.18788
590,fb0,2.14217,1.16265
590,fb1,1.71177,0.431917
590,fb2,1.34935,1.1881
591,fb0,2.14161,1.16138
591,fb1,1.71183,0.43118
591,fb2,1.34812,1.18833
592,fb0,2.14104,1.16011
592,fb1,1.71188,0.43044
592,fb2,1.3469,1.18859
593,fb0,2.14046,1.15884
593,fb1,1.71194,0.429696
593,fb2,1.34568,1.18888
594,fb0,2.13987,1.15757
594,fb1,1.712,0.428948
594,fb2,1.34447,1.18918
595,fb0,2.13927,1.15631
595,fb1,1.71206,0.428197
595,fb2,1.34326,1.1895
596,fb0,2.13867,1.15505
596,fb1,1.71213,0.427441
596,fb2,1.34206,1.18985
597,fb0,2.13805,1.15379
597,fb1,1.7122,0.426682
597,fb2,1.34087,1.19022
598,fb0,2.13743,1.15253
598,fb1,1.71226,0.425918
598,fb2,1.33968,1.19061
599,fb0,2.1368,1.15128
599,fb1,1.71233,0.42515
599,fb2,1.3385,1.19102
600,fb0,2.13616,1.15004
600,fb1,1.71241,0.424378
600,fb2,1.33732,1.19145
