1,fb0,1.05575,1.33137
1,fb1,1.23156,1.3681
1,fb2,1.59664,1.99146
2,fb0,1.05615,1.33032
2,fb1,1.23101,1.36908
2,fb2,1.59664,1.99146
3,fb0,1.05658,1.32914
3,fb1,1.23041,1.37018
3,fb2,1.59664,1.99146
4,fb0,1.05699,1.32796
4,fb1,1.22983,1.37129
4,fb2,1.59664,1.99146
5,fb0,1.05737,1.32677
5,fb1,1.22928,1.37241
5,fb2,1.59664,1.99146
6,fb0,1.05774,1.32558
6,fb1,1.22874,1.37353
6,fb2,1.59664,1.99146
7,fb0,1.05808,1.32438
7,fb1,1.22822,1.37467
7,fb2,1.59664,1.99146
8,fb0,1.0584,1.32317
8,fb1,1.22772,1.37582
8,fb2,1.59664,1.99146
9,fb0,1.0587,1.32196
9,fb1,1.22725,1.37697
9,fb2,1.59634,1.99161
10,fb0,1.05898,1.32074
10,fb1,1.22679,1.37814
10,fb2,1.59602,1.99176
11,fb0,1.05924,1.31951
11,fb1,1.22636,1.37931
11,fb2,1.59571,1.99191
12,fb0,1.05947,1.31829
12,fb1,1.22594,1.38049
12,fb2,1.59542,1.99204
13,fb0,1.05969,1.31705
13,fb1,1.22555,1.38168
13,fb2,1.59515,1.99217
14,fb0,1.05988,1.31582
14,fb1,1.22518,1.38287
14,fb2,1.59489,1.99229
15,fb0,1.06005,1.31458
15,fb1,1.22483,1.38407
15,fb2,1.59465,1.9924
16,fb0,1.06019,1.31334
16,fb1,1.2245,1.38528
16,fb2,1.59442,1.9925
17,fb0,1.06032,1.3121
17,fb1,1.22419,1.38649
17,fb2,1.59422,1.9926
18,fb0,1.06042,1.31085
18,fb1,1.22391,1.38771
18,fb2,1.59403,1.99268
19,fb0,1.0605,1.3096
19,fb1,1.22364,1.38893
19,fb2,1.59385,1.99276
20,fb0,1.06056,1.30835
20,fb1,1.2234,1.39015
20,fb2,1.5937,1.99283
21,fb0,1.06059,1.3071
21,fb1,1.22318,1.39138
21,fb2,1.59355,1.99289
22,fb0,1.06061,1.30585
22,fb1,1.22299,1.39262
22,fb2,1.59343,1.99295
23,fb0,1.0606,1.3046
23,fb1,1.22281,1.39386
23,fb2,1.59331,1.993
24,fb0,1.06057,1.30335
24,fb1,1.22266,1.3951
24,fb2,1.5932,1.99305
25,fb0,1.06051,1.30211
25,fb1,1.22252,1.39634
25,fb2,1.5931,1.9931
26,fb0,1.06044,1.30086
26,fb1,1.22242,1.39758
26,fb2,1.59299,1.99314
27,fb0,1.06034,1.29961
27,fb1,1.22233,1.39883
27,fb2,1.59288,1.99319
28,fb0,1.06022,1.29837
28,fb1,1.22226,1.40008
28,fb2,1.59275,1.99325
29,fb0,1.06007,1.29713
29,fb1,1.22222,1.40133
29,fb2,1.5926,1.99332
30,fb0,1.05991,1.29589
30,fb1,1.2222,1.40258
30,fb2,1.59244,1.99339
31,fb0,1.05972,1.29465
31,fb1,1.2222,1.40383
31,fb2,1.59224,1.99348
32,fb0,1.05951,1.29342
32,fb1,1.22223,1.40508
32,fb2,1.59203,1.99358
33,fb0,1.05928,1.29219
33,fb1,1.22228,1.40633
33,fb2,1.59178,1.99369
34,fb0,1.05903,1.29097
34,fb1,1.22234,1.40758
34,fb2,1.59151,1.99382
35,fb0,1.05875,1.28975
35,fb1,1.22244,1.40882
35,fb2,1.5912,1.99396
36,fb0,1.05846,1.28853
36,fb1,1.22255,1.41007
36,fb2,1.59087,1.99412
37,fb0,1.05814,1.28732
37,fb1,1.22269,1.41131
37,fb2,1.5905,1.99429
38,fb0,1.0578,1.28612
38,fb1,1.22284,1.41255
38,fb2,1.5901,1.99448
39,fb0,1.05744,1.28492
39,fb1,1.22302,1.41379
39,fb2,1.58966,1.9947
40,fb0,1.05706,1.28373
40,fb1,1.22323,1.41502
40,fb2,1.58919,1.99493
41,fb0,1.05665,1.28255
41,fb1,1.22345,1.41625
41,fb2,1.58869,1.99519
42,fb0,1.05623,1.28137
42,fb1,1.2237,1.41748
42,fb2,1.58815,1.99547
43,fb0,1.05578,1.28021
43,fb1,1.22397,1.4187
43,fb2,1.58757,1.99577
44,fb0,1.05532,1.27905
44,fb1,1.22426,1.41991
44,fb2,1.58696,1.9961
45,fb0,1.05483,1.2779
45,fb1,1.22457,1.42112
45,fb2,1.58631,1.99646
46,fb0,1.05432,1.27675
46,fb1,1.2249,1.42233
46,fb2,1.58562,1.99685
47,fb0,1.05379,1.27562
47,fb1,1.22525,1.42353
47,fb2,1.58489,1.99727
48,fb0,1.05325,1.2745
48,fb1,1.22563,1.42472
48,fb2,1.58413,1.99772
49,fb0,1.05268,1.27338
49,fb1,1.22603,1.4259
49,fb2,1.58333,1.99821
50,fb0,1.05209,1.27228
50,fb1,1.22645,1.42708
50,fb2,1.5825,1.99873
51,fb0,1.05148,1.27119
51,fb1,1.22688,1.42825
51,fb2,1.58163,1.9993
52,fb0,1.05086,1.27011
52,fb1,1.22734,1.42941
52,fb2,1.58072,1.9999
53,fb0,1.05021,1.26904
53,fb1,1.22782,1.43057
53,fb2,1.57979,2.00054
54,fb0,1.04955,1.26798
54,fb1,1.22833,1.43171
54,fb2,1.57882,2.00123
55,fb0,1.04886,1.26693
55,fb1,1.22885,1.43285
55,fb2,1.57782,2.00196
56,fb0,1.04816,1.2659
56,fb1,1.22939,1.43398
56,fb2,1.57679,2.00274
57,fb0,1.04744,1.26488
57,fb1,1.22995,1.43509
57,fb2,1.57573,2.00357
58,fb0,1.0467,1.26387
58,fb1,1.23053,1.4362
58,fb2,1.57465,2.00444
59,fb0,1.04594,1.26287
59,fb1,1.23113,1.43729
59,fb2,1.57355,2.00537
60,fb0,1.04517,1.26189
60,fb1,1.23175,1.43838
60,fb2,1.57243,2.00635
61,fb0,1.04438,1.26092
61,fb1,1.23239,1.43945
61,fb2,1.57129,2.00737
62,fb0,1.04357,1.25997
62,fb1,1.23305,1.44052
62,fb2,1.57014,2.00845
63,fb0,1.04274,1.25903
63,fb1,1.23373,1.44157
63,fb2,1.56898,2.00959
64,fb0,1.0419,1.25811
64,fb1,1.23443,1.4426
64,fb2,1.5678,2.01077
65,fb0,1.04104,1.2572
65,fb1,1.23514,1.44363
65,fb2,1.56662,2.01201
66,fb0,1.03465,1.25069
66,fb1,1.23588,1.44464
66,fb2,1.56544,2.01329
67,fb0,1.02762,1.24357
67,fb1,1.24137,1.45193
67,fb2,1.56427,2.01463
68,fb0,1.0206,1.23646
68,fb1,1.24741,1.4599
68,fb2,1.56285,2.0163
69,fb0,1.01357,1.22934
69,fb1,1.25345,1.46787
69,fb2,1.56112,2.01844
70,fb0,1.01208,1.22783
70,fb1,1.25948,1.47584
70,fb2,1.55909,2.0211
71,fb0,1.01119,1.22695
71,fb1,1.26552,1.48381
71,fb2,1.55677,2.02436
72,fb0,1.01028,1.22609
72,fb1,1.27156,1.49178
72,fb2,1.55421,2.02827
73,fb0,1.00936,1.22524
73,fb1,1.2776,1.49975
73,fb2,1.55147,2.0329
74,fb0,1.00843,1.22442
74,fb1,1.28364,1.50773
74,fb2,1.54862,2.03828
75,fb0,1.00748,1.2236
75,fb1,1.28967,1.5157
75,fb2,1.54577,2.04444
76,fb0,1.00651,1.22281
76,fb1,1.29571,1.52367
76,fb2,1.543,2.05134
77,fb0,1.00553,1.22203
77,fb1,1.30175,1.53164
77,fb2,1.54042,2.05897
78,fb0,1.00454,1.22127
78,fb1,1.30779,1.53961
78,fb2,1.53812,2.06722
79,fb0,1.00353,1.22053
79,fb1,1.31383,1.54758
79,fb2,1.53616,2.07603
80,fb0,1.00251,1.21981
80,fb1,1.31997,1.55547
80,fb2,1.53459,2.08527
81,fb0,1.00148,1.2191
81,fb1,1.32624,1.56326
81,fb2,1.53342,2.09483
82,fb0,1.00044,1.21842
82,fb1,1.33264,1.57095
82,fb2,1.53265,2.10462
83,fb0,0.999379,1.21775
83,fb1,1.33917,1.57852
83,fb2,1.53225,2.11454
84,fb0,0.99831,1.2171
84,fb1,1.34585,1.58596
84,fb2,1.5322,2.12451
85,fb0,0.99723,1.21647
85,fb1,1.3527,1.59325
85,fb2,1.53245,2.13447
86,fb0,0.996139,1.21586
86,fb1,1.35972,1.60037
86,fb2,1.53296,2.14437
87,fb0,0.995038,1.21527
87,fb1,1.36695,1.60727
87,fb2,1.53369,2.15419
88,fb0,0.993926,1.2147
88,fb1,1.37333,1.61293
88,fb2,1.53459,2.16388
89,fb0,0.992804,1.21415
89,fb1,1.3789,1.6175
89,fb2,1.5355,2.17327
90,fb0,0.991672,1.21362
90,fb1,1.38397,1.62132
90,fb2,1.53637,2.18222
91,fb0,0.990531,1.21311
91,fb1,1.3887,1.6246
91,fb2,1.53719,2.19068
92,fb0,0.989381,1.21262
92,fb1,1.39318,1.62746
92,fb2,1.53797,2.19864
93,fb0,0.988222,1.21215
93,fb1,1.39744,1.62997
93,fb2,1.53869,2.20613
94,fb0,0.987056,1.2117
94,fb1,1.40153,1.63219
94,fb2,1.53938,2.21316
95,fb0,0.985881,1.21127
95,fb1,1.40547,1.63416
95,fb2,1.54002,2.21978
96,fb0,0.984699,1.21087
96,fb1,1.40926,1.6359
96,fb2,1.54062,2.22601
97,fb0,0.98351,1.21048
97,fb1,1.41292,1.63745
97,fb2,1.54119,2.23187
98,fb0,0.982314,1.21012
98,fb1,1.41646,1.63883
98,fb2,1.54173,2.23741
99,fb0,0.981112,1.20977
99,fb1,1.41988,1.64005
99,fb2,1.54224,2.24263
100,fb0,0.979904,1.20945
100,fb1,1.42319,1.64113
100,fb2,1.54272,2.24756
101,fb0,0.978691,1.20915
101,fb1,1.42639,1.64209
101,fb2,1.54317,2.25223
102,fb0,0.977472,1.20888
102,fb1,1.42949,1.64294
102,fb2,1.5436,2.25665
103,fb0,0.976248,1.20862
103,fb1,1.4325,1.64369
103,fb2,1.54401,2.26084
104,fb0,0.97502,1.20839
104,fb1,1.43541,1.64434
104,fb2,1.54439,2.26481
105,fb0,0.973789,1.20817
105,fb1,1.43824,1.64491
105,fb2,1.54476,2.26858
106,fb0,0.972553,1.20798
106,fb1,1.44098,1.6454
106,fb2,1.54511,2.27216
107,fb0,0.971315,1.20782
107,fb1,1.44363,1.64582
107,fb2,1.54544,2.27556
108,fb0,0.970073,1.20767
108,fb1,1.44621,1.64619
108,fb2,1.54575,2.2788
109,fb0,0.968829,1.20755
109,fb1,1.44871,1.64649
109,fb2,1.54605,2.28188
110,fb0,0.967583,1.20744
110,fb1,1.45114,1.64674
110,fb2,1.54634,2.28482
111,fb0,0.966336,1.20736
111,fb1,1.45349,1.64694
111,fb2,1.54661,2.28762
112,fb0,0.965087,1.20731
112,fb1,1.45578,1.6471
112,fb2,1.54687,2.29029
113,fb0,0.963838,1.20727
113,fb1,1.458,1.64722
113,fb2,1.54712,2.29283
114,fb0,0.962588,1.20726
114,fb1,1.46016,1.6473
114,fb2,1.54735,2.29526
115,fb0,0.961338,1.20727
115,fb1,1.46226,1.64735
115,fb2,1.54758,2.29758
116,fb0,0.960088,1.2073
116,fb1,1.4643,1.64737
116,fb2,1.54779,2.2998
117,fb0,0.95884,1.20736
117,fb1,1.46628,1.64736
117,fb2,1.548,2.30192
118,fb0,0.957592,1.20743
118,fb1,1.46821,1.64732
118,fb2,1.5482,2.30395
119,fb0,0.956346,1.20753
119,fb1,1.47009,1.64726
119,fb2,1.54838,2.30589
120,fb0,0.955102,1.20766
120,fb1,1.47191,1.64718
120,fb2,1.54857,2.30775
121,fb0,0.95386,1.2078
121,fb1,1.47369,1.64707
121,fb2,1.54874,2.30952
122,fb0,0.952621,1.20796
122,fb1,1.47542,1.64695
122,fb2,1.5489,2.31122
123,fb0,0.951385,1.20815
123,fb1,1.47711,1.64681
123,fb2,1.54906,2.31286
124,fb0,0.950153,1.20836
124,fb1,1.47875,1.64666
124,fb2,1.5492,2.31442
125,fb0,0.948925,1.20859
125,fb1,1.48036,1.64649
125,fb2,1.54934,2.31592
126,fb0,0.947701,1.20885
126,fb1,1.48192,1.64631
126,fb2,1.54946,2.31736
127,fb0,0.946482,1.20912
127,fb1,1.48344,1.64611
127,fb2,1.54957,2.31874
128,fb0,0.945268,1.20942
128,fb1,1.48493,1.64591
128,fb2,1.54968,2.32006
129,fb0,0.944059,1.20974
129,fb1,1.48638,1.64569
129,fb2,1.54978,2.32133
130,fb0,0.942856,1.21008
130,fb1,1.4878,1.64547
130,fb2,1.54987,2.32255
131,fb0,0.94166,1.21044
131,fb1,1.48918,1.64523
131,fb2,1.54995,2.32373
132,fb0,0.94047,1.21082
132,fb1,1.49053,1.64499
132,fb2,1.55003,2.32485
133,fb0,0.939287,1.21123
133,fb1,1.49185,1.64474
133,fb2,1.5501,2.32594
134,fb0,0.938112,1.21165
134,fb1,1.49314,1.64448
134,fb2,1.55016,2.32698
135,fb0,0.936944,1.2121
135,fb1,1.4944,1.64422
135,fb2,1.55022,2.32798
136,fb0,0.935785,1.21257
136,fb1,1.49563,1.64395
136,fb2,1.55027,2.32894
137,fb0,0.934634,1.21306
137,fb1,1.49683,1.64368
137,fb2,1.55032,2.32987
138,fb0,0.933492,1.21356
138,fb1,1.49801,1.6434
138,fb2,1.55036,2.33076
139,fb0,0.932359,1.21409
139,fb1,1.49917,1.64312
139,fb2,1.5504,2.33161
140,fb0,0.931236,1.21464
140,fb1,1.50029,1.64283
140,fb2,1.55044,2.33244
141,fb0,0.930123,1.21521
141,fb1,1.5014,1.64254
141,fb2,1.55047,2.33323
142,fb0,0.92902,1.2158
142,fb1,1.50248,1.64224
142,fb2,1.5505,2.334
143,fb0,0.927928,1.21641
143,fb1,1.50354,1.64194
143,fb2,1.55052,2.33474
144,fb0,0.926847,1.21703
144,fb1,1.50458,1.64164
144,fb2,1.55054,2.33545
145,fb0,0.925777,1.21768
145,fb1,1.50559,1.64134
145,fb2,1.55056,2.33614
146,fb0,0.924719,1.21835
146,fb1,1.50659,1.64103
146,fb2,1.55057,2.3368
147,fb0,0.923673,1.21903
147,fb1,1.50756,1.64073
147,fb2,1.55059,2.33744
148,fb0,0.922639,1.21973
148,fb1,1.50852,1.64042
148,fb2,1.5506,2.33806
149,fb0,0.921619,1.22045
149,fb1,1.50946,1.64011
149,fb2,1.5506,2.33866
150,fb0,0.920611,1.22119
150,fb1,1.51037,1.6398
150,fb2,1.55061,2.33924
151,fb0,0.919616,1.22195
151,fb1,1.51127,1.63948
151,fb2,1.55061,2.33981
152,fb0,0.918635,1.22273
152,fb1,1.51215,1.63917
152,fb2,1.55061,2.34035
153,fb0,0.917669,1.22352
153,fb1,1.51302,1.63886
153,fb2,1.55061,2.34088
154,fb0,0.916716,1.22433
154,fb1,1.51386,1.63854
154,fb2,1.55061,2.3414
155,fb0,0.915778,1.22515
155,fb1,1.51469,1.63823
155,fb2,1.5506,2.3419
156,fb0,0.914855,1.226
156,fb1,1.51551,1.63791
156,fb2,1.5506,2.34239
157,fb0,0.913948,1.22686
157,fb1,1.51631,1.6376
157,fb2,1.55059,2.34286
158,fb0,0.913055,1.22773
158,fb1,1.51709,1.63728
158,fb2,1.55058,2.34333
159,fb0,0.912179,1.22862
159,fb1,1.51785,1.63697
159,fb2,1.55057,2.34379
160,fb0,0.911318,1.22953
160,fb1,1.5186,1.63666
160,fb2,1.55056,2.34423
161,fb0,0.910474,1.23045
161,fb1,1.51934,1.63635
161,fb2,1.55054,2.34467
162,fb0,0.909647,1.23139
162,fb1,1.52005,1.63604
162,fb2,1.55052,2.34511
163,fb0,0.908836,1.23234
163,fb1,1.52076,1.63573
163,fb2,1.55051,2.34554
164,fb0,0.908042,1.23331
164,fb1,1.52145,1.63543
164,fb2,1.55049,2.34596
165,fb0,0.907266,1.23429
165,fb1,1.52212,1.63512
165,fb2,1.55047,2.34638
166,fb0,0.906508,1.23528
166,fb1,1.52278,1.63482
166,fb2,1.55044,2.34679
167,fb0,0.906102,1.23583
167,fb1,1.52343,1.63452
167,fb2,1.55042,2.34721
168,fb0,0.905736,1.23634
168,fb1,1.52406,1.63422
168,fb2,1.55039,2.34762
169,fb0,0.905367,1.23685
169,fb1,1.52467,1.63393
169,fb2,1.55036,2.34803
170,fb0,0.904998,1.23737
170,fb1,1.52527,1.63364
170,fb2,1.55033,2.34844
171,fb0,0.904628,1.2379
171,fb1,1.52586,1.63335
171,fb2,1.5503,2.34885
172,fb0,0.904258,1.23844
172,fb1,1.52643,1.63307
172,fb2,1.55026,2.34926
173,fb0,0.903887,1.23898
173,fb1,1.52699,1.63279
173,fb2,1.55022,2.34968
174,fb0,0.903516,1.23953
174,fb1,1.52753,1.63251
174,fb2,1.55022,2.34972
175,fb0,0.903144,1.24009
175,fb1,1.52807,1.63224
175,fb2,1.55022,2.34972
176,fb0,0.902773,1.24065
176,fb1,1.5286,1.63196
176,fb2,1.55022,2.34972
177,fb0,0.902402,1.24122
177,fb1,1.52913,1.63169
177,fb2,1.55003,2.35005
178,fb0,0.902031,1.2418
178,fb1,1.52964,1.63141
178,fb2,1.54982,2.35042
179,fb0,0.901661,1.24239
179,fb1,1.53015,1.63115
179,fb2,1.54959,2.35079
180,fb0,0.901291,1.24298
180,fb1,1.53064,1.63088
180,fb2,1.54937,2.35117
181,fb0,0.900923,1.24357
181,fb1,1.53112,1.63062
181,fb2,1.54914,2.35155
182,fb0,0.900555,1.24418
182,fb1,1.53158,1.63036
182,fb2,1.5489,2.35193
183,fb0,0.900189,1.24479
183,fb1,1.53204,1.63011
183,fb2,1.54866,2.35232
184,fb0,0.899824,1.24541
184,fb1,1.53248,1.62986
184,fb2,1.54841,2.35271
185,fb0,0.899461,1.24603
185,fb1,1.53291,1.62962
185,fb2,1.54816,2.35311
186,fb0,0.8991,1.24666
186,fb1,1.53333,1.62938
186,fb2,1.5479,2.35351
187,fb0,0.898741,1.24729
187,fb1,1.53373,1.62915
187,fb2,1.54764,2.35392
188,fb0,0.898383,1.24793
188,fb1,1.53413,1.62892
188,fb2,1.54736,2.35433
189,fb0,0.898028,1.24857
189,fb1,1.53451,1.6287
189,fb2,1.54708,2.35474
190,fb0,0.897676,1.24922
190,fb1,1.53488,1.62849
190,fb2,1.5468,2.35516
191,fb0,0.897326,1.24988
191,fb1,1.53524,1.62827
191,fb2,1.5465,2.35559
192,fb0,0.896978,1.25054
192,fb1,1.53559,1.62807
192,fb2,1.5462,2.35602
193,fb0,0.896634,1.2512
193,fb1,1.53592,1.62787
193,fb2,1.54588,2.35645
194,fb0,0.896292,1.25187
194,fb1,1.53625,1.62767
194,fb2,1.54585,2.3565
195,fb0,0.895953,1.25254
195,fb1,1.53656,1.62748
195,fb2,1.54585,2.3565
196,fb0,0.895617,1.25322
196,fb1,1.53688,1.62729
196,fb2,1.54585,2.3565
197,fb0,0.895284,1.2539
197,fb1,1.53719,1.6271
197,fb2,1.54542,2.35675
198,fb0,0.894954,1.25459
198,fb1,1.5375,1.62691
198,fb2,1.54493,2.35702
199,fb0,0.894627,1.25528
199,fb1,1.5378,1.62673
199,fb2,1.54443,2.3573
200,fb0,0.894304,1.25597
200,fb1,1.53809,1.62655
200,fb2,1.54392,2.35757
201,fb0,0.893984,1.25667
201,fb1,1.53837,1.62637
201,fb2,1.5434,2.35785
202,fb0,0.893668,1.25738
202,fb1,1.53864,1.6262
202,fb2,1.54287,2.35812
203,fb0,0.893354,1.25808
203,fb1,1.53891,1.62603
203,fb2,1.54234,2.3584
204,fb0,0.893045,1.25879
204,fb1,1.53917,1.62587
204,fb2,1.5418,2.35867
205,fb0,0.892739,1.25951
205,fb1,1.53942,1.62571
205,fb2,1.54125,2.35894
206,fb0,0.892437,1.26022
206,fb1,1.53967,1.62556
206,fb2,1.54069,2.35922
207,fb0,0.892138,1.26095
207,fb1,1.5399,1.6254
207,fb2,1.54012,2.35949
208,fb0,0.891843,1.26167
208,fb1,1.54013,1.62526
208,fb2,1.53954,2.35976
209,fb0,0.891553,1.2624
209,fb1,1.54036,1.62511
209,fb2,1.53896,2.36003
210,fb0,0.891266,1.26312
210,fb1,1.54058,1.62497
210,fb2,1.53836,2.3603
211,fb0,0.890982,1.26386
211,fb1,1.54079,1.62484
211,fb2,1.53776,2.36057
212,fb0,0.890703,1.26459
212,fb1,1.54099,1.62471
212,fb2,1.53715,2.36084
213,fb0,0.890428,1.26533
213,fb1,1.54119,1.62458
213,fb2,1.53653,2.36111
214,fb0,0.890157,1.26607
214,fb1,1.54138,1.62445
214,fb2,1.5359,2.36137
215,fb0,0.88989,1.26681
215,fb1,1.54157,1.62433
215,fb2,1.53527,2.36163
216,fb0,0.889627,1.26755
216,fb1,1.54175,1.62421
216,fb2,1.53462,2.36189
217,fb0,0.889367,1.2683
217,fb1,1.54192,1.6241
217,fb2,1.53397,2.36215
218,fb0,0.889112,1.26905
218,fb1,1.54209,1.62399
218,fb2,1.53331,2.3624
219,fb0,0.888862,1.2698
219,fb1,1.54225,1.62388
219,fb2,1.53263,2.36265
220,fb0,0.888615,1.27055
220,fb1,1.54241,1.62378
220,fb2,1.53196,2.3629
221,fb0,0.888372,1.2713
221,fb1,1.54257,1.62367
221,fb2,1.53127,2.36314
222,fb0,0.888133,1.27205
222,fb1,1.54272,1.62358
222,fb2,1.53057,2.36338
223,fb0,0.887899,1.27281
223,fb1,1.54286,1.62348
223,fb2,1.52987,2.36362
224,fb0,0.887668,1.27357
224,fb1,1.54301,1.62338
224,fb2,1.52916,2.36386
225,fb0,0.887442,1.27432
225,fb1,1.54315,1.62329
225,fb2,1.52844,2.36408
226,fb0,0.887219,1.27508
226,fb1,1.54328,1.6232
226,fb2,1.52771,2.36431
227,fb0,0.887001,1.27584
227,fb1,1.54341,1.62312
227,fb2,1.52698,2.36453
228,fb0,0.886787,1.2766
228,fb1,1.54354,1.62303
228,fb2,1.52623,2.36475
229,fb0,0.886576,1.27737
229,fb1,1.54367,1.62294
229,fb2,1.52548,2.36496
230,fb0,0.88637,1.27813
230,fb1,1.5438,1.62286
230,fb2,1.52472,2.36517
231,fb0,0.886167,1.27889
231,fb1,1.54392,1.62278
231,fb2,1.52396,2.36537
232,fb0,0.885969,1.27965
232,fb1,1.54404,1.6227
232,fb2,1.52318,2.36557
233,fb0,0.885774,1.28042
233,fb1,1.54417,1.62262
233,fb2,1.5224,2.36576
234,fb0,0.885584,1.28118
234,fb1,1.54429,1.62254
234,fb2,1.52162,2.36594
235,fb0,0.885397,1.28195
235,fb1,1.54441,1.62246
235,fb2,1.52082,2.36612
236,fb0,0.885213,1.28271
236,fb1,1.54453,1.62238
236,fb2,1.52002,2.3663
237,fb0,0.885034,1.28348
237,fb1,1.54465,1.6223
237,fb2,1.51921,2.36647
238,fb0,0.884858,1.28424
238,fb1,1.54477,1.62222
238,fb2,1.51839,2.36663
239,fb0,0.884686,1.28501
239,fb1,1.5449,1.62213
239,fb2,1.51757,2.36678
240,fb0,0.884518,1.28578
240,fb1,1.54502,1.62205
240,fb2,1.51674,2.36693
241,fb0,0.884353,1.28654
241,fb1,1.54515,1.62197
241,fb2,1.5159,2.36708
242,fb0,0.884192,1.28731
242,fb1,1.54527,1.62189
242,fb2,1.51506,2.36721
243,fb0,0.884034,1.28808
243,fb1,1.5454,1.6218
243,fb2,1.51421,2.36734
244,fb0,0.88388,1.28885
244,fb1,1.54554,1.62172
244,fb2,1.51336,2.36747
245,fb0,0.883729,1.28961
245,fb1,1.54567,1.62163
245,fb2,1.5125,2.36758
246,fb0,0.883581,1.29038
246,fb1,1.54581,1.62154
246,fb2,1.51163,2.36769
247,fb0,0.883437,1.29115
247,fb1,1.54595,1.62145
247,fb2,1.51076,2.36779
248,fb0,0.883296,1.29192
248,fb1,1.54609,1.62136
248,fb2,1.50988,2.36789
249,fb0,0.883159,1.29268
249,fb1,1.54623,1.62126
249,fb2,1.50899,2.36797
250,fb0,0.883024,1.29345
250,fb1,1.54638,1.62117
250,fb2,1.5081,2.36805
251,fb0,0.882893,1.29422
251,fb1,1.54653,1.62107
251,fb2,1.50721,2.36812
252,fb0,0.882765,1.29499
252,fb1,1.54668,1.62097
252,fb2,1.50631,2.36819
253,fb0,0.88264,1.29575
253,fb1,1.54684,1.62087
253,fb2,1.5054,2.36825
254,fb0,0.882518,1.29652
254,fb1,1.547,1.62077
254,fb2,1.50449,2.36829
255,fb0,0.882399,1.29729
255,fb1,1.54716,1.62067
255,fb2,1.50357,2.36833
256,fb0,0.882283,1.29806
256,fb1,1.54733,1.62056
256,fb2,1.50265,2.36837
257,fb0,0.88217,1.29883
257,fb1,1.5475,1.62045
257,fb2,1.50172,2.36839
258,fb0,0.88206,1.2996
258,fb1,1.54767,1.62035
258,fb2,1.50079,2.36841
259,fb0,0.881952,1.30037
259,fb1,1.54785,1.62024
259,fb2,1.49986,2.36841
260,fb0,0.881848,1.30114
260,fb1,1.54803,1.62012
260,fb2,1.49892,2.36841
261,fb0,0.881746,1.30191
261,fb1,1.54821,1.62001
261,fb2,1.49798,2.3684
262,fb0,0.881647,1.30268
262,fb1,1.5484,1.61989
262,fb2,1.49703,2.36839
263,fb0,0.88155,1.30345
263,fb1,1.54859,1.61978
263,fb2,1.49608,2.36836
264,fb0,0.881456,1.30422
264,fb1,1.54878,1.61966
264,fb2,1.49512,2.36833
265,fb0,0.881365,1.30499
265,fb1,1.54898,1.61954
265,fb2,1.49416,2.36828
266,fb0,0.881276,1.30576
266,fb1,1.54918,1.61942
266,fb2,1.4932,2.36823
267,fb0,0.88119,1.30653
267,fb1,1.54938,1.6193
267,fb2,1.49223,2.36817
268,fb0,0.881107,1.3073
268,fb1,1.54959,1.61917
268,fb2,1.49126,2.3681
269,fb0,0.881026,1.30807
269,fb1,1.5498,1.61905
269,fb2,1.49029,2.36802
270,fb0,0.880947,1.30885
270,fb1,1.55001,1.61892
270,fb2,1.48932,2.36794
271,fb0,0.880871,1.30962
271,fb1,1.55023,1.61879
271,fb2,1.48834,2.36784
272,fb0,0.880797,1.31039
272,fb1,1.55045,1.61866
272,fb2,1.48736,2.36773
273,fb0,0.880725,1.31117
273,fb1,1.55067,1.61853
273,fb2,1.48638,2.36762
274,fb0,0.880656,1.31194
274,fb1,1.5509,1.6184
274,fb2,1.48539,2.3675
275,fb0,0.880589,1.31272
275,fb1,1.55112,1.61827
275,fb2,1.4844,2.36737
276,fb0,0.880524,1.3135
276,fb1,1.55136,1.61814
276,fb2,1.48341,2.36723
277,fb0,0.880462,1.31427
277,fb1,1.55159,1.618
277,fb2,1.48242,2.36708
278,fb0,0.880402,1.31505
278,fb1,1.55183,1.61787
278,fb2,1.48143,2.36692
279,fb0,0.880344,1.31583
279,fb1,1.55207,1.61773
279,fb2,1.48043,2.36676
280,fb0,0.880288,1.31661
280,fb1,1.55231,1.6176
280,fb2,1.47943,2.36658
281,fb0,0.880234,1.31739
281,fb1,1.55255,1.61746
281,fb2,1.47844,2.3664
282,fb0,0.880182,1.31817
282,fb1,1.5528,1.61733
282,fb2,1.47744,2.3662
283,fb0,0.880133,1.31895
283,fb1,1.55305,1.61719
283,fb2,1.47643,2.366
284,fb0,0.880085,1.31973
284,fb1,1.55331,1.61705
284,fb2,1.47543,2.36579
285,fb0,0.88004,1.32052
285,fb1,1.55356,1.61691
285,fb2,1.47443,2.36557
286,fb0,0.879996,1.3213
286,fb1,1.55382,1.61677
286,fb2,1.47343,2.36534
287,fb0,0.879955,1.32209
287,fb1,1.55408,1.61663
287,fb2,1.47242,2.36511
288,fb0,0.879915,1.32287
288,fb1,1.55434,1.61649
288,fb2,1.47142,2.36486
289,fb0,0.879878,1.32366
289,fb1,1.55461,1.61636
289,fb2,1.47041,2.36461
290,fb0,0.879842,1.32445
290,fb1,1.55487,1.61622
290,fb2,1.46941,2.36435
291,fb0,0.879808,1.32524
291,fb1,1.55514,1.61608
291,fb2,1.4684,2.36408
292,fb0,0.879777,1.32603
292,fb1,1.55541,1.61594
292,fb2,1.4674,2.3638
293,fb0,0.879747,1.32682
293,fb1,1.55568,1.6158
293,fb2,1.46639,2.36351
294,fb0,0.879719,1.32762
294,fb1,1.55596,1.61566
294,fb2,1.46539,2.36321
295,fb0,0.879692,1.32841
295,fb1,1.55624,1.61552
295,fb2,1.46438,2.36291
296,fb0,0.879668,1.32921
296,fb1,1.55652,1.61538
296,fb2,1.46338,2.3626
297,fb0,0.879645,1.33
297,fb1,1.5568,1.61524
297,fb2,1.46238,2.36228
298,fb0,0.879624,1.3308
298,fb1,1.55708,1.6151
298,fb2,1.46138,2.36195
299,fb0,0.879605,1.3316
299,fb1,1.55736,1.61496
299,fb2,1.46037,2.36161
300,fb0,0.879588,1.3324
300,fb1,1.55765,1.61482
300,fb2,1.45937,2.36127
301,fb0,0.879573,1.3332
301,fb1,1.55793,1.61468
301,fb2,1.45837,2.36092
302,fb0,0.879559,1.33401
302,fb1,1.55822,1.61454
302,fb2,1.45738,2.36056
303,fb0,0.879547,1.33481
303,fb1,1.55851,1.6144
303,fb2,1.45638,2.36019
304,fb0,0.879536,1.33562
304,fb1,1.55881,1.61427
304,fb2,1.45538,2.35982
305,fb0,0.879528,1.33643
305,fb1,1.5591,1.61413
305,fb2,1.45439,2.35944
306,fb0,0.87952,1.33724
306,fb1,1.55939,1.61399
306,fb2,1.4534,2.35905
307,fb0,0.879515,1.33805
307,fb1,1.55969,1.61385
307,fb2,1.4524,2.35865
308,fb0,0.879511,1.33886
308,fb1,1.55999,1.61372
308,fb2,1.45142,2.35825
309,fb0,0.879509,1.33967
309,fb1,1.56029,1.61358
309,fb2,1.45043,2.35784
310,fb0,0.879509,1.34049
310,fb1,1.56059,1.61345
310,fb2,1.44944,2.35742
311,fb0,0.87951,1.34131
311,fb1,1.56089,1.61331
311,fb2,1.44846,2.35699
312,fb0,0.879513,1.34212
312,fb1,1.56119,1.61318
312,fb2,1.44748,2.35656
313,fb0,0.879517,1.34294
313,fb1,1.56149,1.61304
313,fb2,1.4465,2.35612
314,fb0,0.879523,1.34377
314,fb1,1.5618,1.61291
314,fb2,1.44552,2.35568
315,fb0,0.87953,1.34459
315,fb1,1.5621,1.61277
315,fb2,1.44454,2.35523
316,fb0,0.879539,1.34541
316,fb1,1.56241,1.61264
316,fb2,1.44357,2.35477
317,fb0,0.87955,1.34624
317,fb1,1.56272,1.61251
317,fb2,1.4426,2.3543
318,fb0,0.879562,1.34707
318,fb1,1.56303,1.61238
318,fb2,1.44163,2.35383
319,fb0,0.879575,1.3479
319,fb1,1.56334,1.61225
319,fb2,1.44067,2.35336
320,fb0,0.87959,1.34873
320,fb1,1.56365,1.61211
320,fb2,1.4397,2.35288
321,fb0,0.879607,1.34956
321,fb1,1.56396,1.61198
321,fb2,1.43874,2.35239
322,fb0,0.879625,1.3504
322,fb1,1.56428,1.61185
322,fb2,1.43779,2.35189
323,fb0,0.879644,1.35124
323,fb1,1.56459,1.61172
323,fb2,1.43683,2.35139
324,fb0,0.879665,1.35207
324,fb1,1.56491,1.6116
324,fb2,1.43588,2.35089
325,fb0,0.879688,1.35291
325,fb1,1.56523,1.61147
325,fb2,1.43493,2.35038
326,fb0,0.879712,1.35376
326,fb1,1.56554,1.61134
326,fb2,1.43398,2.34986
327,fb0,0.879737,1.3546
327,fb1,1.56586,1.61121
327,fb2,1.43304,2.34934
328,fb0,0.879764,1.35545
328,fb1,1.56618,1.61108
328,fb2,1.43209,2.34881
329,fb0,0.879792,1.35629
329,fb1,1.56651,1.61096
329,fb2,1.43116,2.34828
330,fb0,0.879822,1.35714
330,fb1,1.56683,1.61083
330,fb2,1.43022,2.34774
331,fb0,0.879853,1.358
331,fb1,1.56715,1.6107
331,fb2,1.42929,2.3472
332,fb0,0.879885,1.35885
332,fb1,1.56748,1.61058
332,fb2,1.42836,2.34665
333,fb0,0.879919,1.3597
333,fb1,1.56781,1.61045
333,fb2,1.42743,2.3461
334,fb0,0.879954,1.36056
334,fb1,1.56813,1.61033
334,fb2,1.42651,2.34554
335,fb0,0.879991,1.36142
335,fb1,1.56846,1.6102
335,fb2,1.42559,2.34498
336,fb0,0.880029,1.36228
336,fb1,1.56879,1.61008
336,fb2,1.42467,2.34442
337,fb0,0.880068,1.36314
337,fb1,1.56912,1.60995
337,fb2,1.42375,2.34385
338,fb0,0.880109,1.36401
338,fb1,1.56946,1.60983
338,fb2,1.42284,2.34328
339,fb0,0.880151,1.36487
339,fb1,1.56979,1.60971
339,fb2,1.42193,2.3427
340,fb0,0.880194,1.36574
340,fb1,1.57013,1.60958
340,fb2,1.42103,2.34212
341,fb0,0.880239,1.36661
341,fb1,1.57046,1.60946
341,fb2,1.42013,2.34153
342,fb0,0.880285,1.36749
342,fb1,1.5708,1.60934
342,fb2,1.41923,2.34094
343,fb0,0.880331,1.36836
343,fb1,1.57114,1.60921
343,fb2,1.41833,2.34035
344,fb0,0.880377,1.36924
344,fb1,1.57148,1.60909
344,fb2,1.41743,2.33975
345,fb0,0.880424,1.37012
345,fb1,1.57183,1.60897
345,fb2,1.41654,2.33915
346,fb0,0.88047,1.371
346,fb1,1.57217,1.60885
346,fb2,1.41566,2.33854
347,fb0,0.880517,1.37188
347,fb1,1.57252,1.60872
347,fb2,1.41477,2.33794
348,fb0,0.880564,1.37277
348,fb1,1.57286,1.6086
348,fb2,1.41389,2.33733
349,fb0,0.880611,1.37365
349,fb1,1.57321,1.60848
349,fb2,1.41301,2.33671
350,fb0,0.880658,1.37454
350,fb1,1.57356,1.60836
350,fb2,1.41213,2.33609
351,fb0,0.880705,1.37544
351,fb1,1.57392,1.60823
351,fb2,1.41126,2.33547
352,fb0,0.880753,1.37633
352,fb1,1.57427,1.60811
352,fb2,1.41039,2.33485
353,fb0,0.8808,1.37723
353,fb1,1.57463,1.60799
353,fb2,1.40952,2.33422
354,fb0,0.880848,1.37813
354,fb1,1.57498,1.60787
354,fb2,1.40866,2.33359
355,fb0,0.880895,1.37903
355,fb1,1.57534,1.60775
355,fb2,1.4078,2.33296
356,fb0,0.880943,1.37993
356,fb1,1.5757,1.60762
356,fb2,1.40694,2.33232
357,fb0,0.880991,1.38084
357,fb1,1.57607,1.6075
357,fb2,1.40608,2.33169
358,fb0,0.881039,1.38174
358,fb1,1.57643,1.60738
358,fb2,1.40523,2.33105
359,fb0,0.881088,1.38266
359,fb1,1.5768,1.60726
359,fb2,1.40438,2.3304
360,fb0,0.881136,1.38357
360,fb1,1.57716,1.60713
360,fb2,1.40353,2.32976
361,fb0,0.881184,1.38448
361,fb1,1.57753,1.60701
361,fb2,1.40268,2.32911
362,fb0,0.881233,1.3854
362,fb1,1.5779,1.60689
362,fb2,1.40184,2.32846
363,fb0,0.881282,1.38632
363,fb1,1.57828,1.60676
363,fb2,1.401,2.32781
364,fb0,0.881331,1.38725
364,fb1,1.57865,1.60664
364,fb2,1.40016,2.32715
365,fb0,0.88138,1.38817
365,fb1,1.57903,1.60652
365,fb2,1.39933,2.3265
366,fb0,0.881429,1.3891
366,fb1,1.57941,1.60639
366,fb2,1.39849,2.32584
367,fb0,0.881478,1.39003
367,fb1,1.57979,1.60627
367,fb2,1.39766,2.32518
368,fb0,0.881527,1.39096
368,fb1,1.58017,1.60615
368,fb2,1.39683,2.32451
369,fb0,0.881577,1.3919
369,fb1,1.58055,1.60602
369,fb2,1.39601,2.32385
370,fb0,0.881627,1.39284
370,fb1,1.58094,1.6059
370,fb2,1.39518,2.32318
371,fb0,0.881676,1.39378
371,fb1,1.58133,1.60577
371,fb2,1.39436,2.32251
372,fb0,0.881726,1.39472
372,fb1,1.58172,1.60565
372,fb2,1.39354,2.32184
373,fb0,0.881777,1.39567
373,fb1,1.58211,1.60552
373,fb2,1.39273,2.32117
374,fb0,0.881827,1.39662
374,fb1,1.5825,1.60539
374,fb2,1.39191,2.32049
375,fb0,0.881877,1.39757
375,fb1,1.5829,1.60527
375,fb2,1.3911,2.31982
376,fb0,0.881928,1.39852
376,fb1,1.5833,1.60514
376,fb2,1.39029,2.31914
377,fb0,0.881978,1.39948
377,fb1,1.5837,1.60501
377,fb2,1.38948,2.31846
378,fb0,0.882029,1.40044
378,fb1,1.5841,1.60488
378,fb2,1.38867,2.31778
379,fb0,0.88208,1.4014
379,fb1,1.5845,1.60475
379,fb2,1.38787,2.3171
380,fb0,0.882131,1.40237
380,fb1,1.58491,1.60462
380,fb2,1.38706,2.31642
381,fb0,0.882184,1.40333
381,fb1,1.58531,1.60449
381,fb2,1.38626,2.31573
382,fb0,0.882238,1.4043
382,fb1,1.58572,1.60436
382,fb2,1.38546,2.31504
383,fb0,0.882292,1.40528
383,fb1,1.58613,1.60423
383,fb2,1.38466,2.31436
384,fb0,0.882348,1.40625
384,fb1,1.58654,1.60409
384,fb2,1.38387,2.31367
385,fb0,0.882405,1.40723
385,fb1,1.58696,1.60396
385,fb2,1.38307,2.31298
386,fb0,0.882465,1.40821
386,fb1,1.58738,1.60383
386,fb2,1.38228,2.31229
387,fb0,0.882524,1.40919
387,fb1,1.58779,1.60369
387,fb2,1.38149,2.31159
388,fb0,0.882585,1.41018
388,fb1,1.58822,1.60356
388,fb2,1.3807,2.3109
389,fb0,0.882648,1.41117
389,fb1,1.58864,1.60342
389,fb2,1.37991,2.31021
390,fb0,0.882713,1.41216
390,fb1,1.58906,1.60329
390,fb2,1.37912,2.30951
391,fb0,0.882778,1.41315
391,fb1,1.58949,1.60315
391,fb2,1.37834,2.30881
392,fb0,0.882844,1.41415
392,fb1,1.58992,1.60301
392,fb2,1.37755,2.30812
393,fb0,0.882912,1.41514
393,fb1,1.59035,1.60287
393,fb2,1.37677,2.30742
394,fb0,0.882982,1.41614
394,fb1,1.59078,1.60273
394,fb2,1.37598,2.30673
395,fb0,0.883054,1.41715
395,fb1,1.59121,1.60259
395,fb2,1.37519,2.30603
396,fb0,0.883126,1.41815
396,fb1,1.59165,1.60245
396,fb2,1.37441,2.30534
397,fb0,0.8832,1.41916
397,fb1,1.59209,1.60231
397,fb2,1.37362,2.30464
398,fb0,0.883275,1.42017
398,fb1,1.59253,1.60217
398,fb2,1.37284,2.30395
399,fb0,0.883353,1.42118
399,fb1,1.59297,1.60203
399,fb2,1.37205,2.30325
400,fb0,0.883432,1.4222
400,fb1,1.59341,1.60189
400,fb2,1.37127,2.30256
401,fb0,0.883513,1.42321
401,fb1,1.59386,1.60174
401,fb2,1.37048,2.30186
402,fb0,0.883594,1.42423
402,fb1,1.5943,1.6016
402,fb2,1.3697,2.30117
403,fb0,0.883677,1.42525
403,fb1,1.59475,1.60146
403,fb2,1.36891,2.30047
404,fb0,0.883762,1.42628
404,fb1,1.5952,1.60131
404,fb2,1.36813,2.29978
405,fb0,0.883849,1.4273
405,fb1,1.59565,1.60117
405,fb2,1.36734,2.29908
406,fb0,0.883937,1.42833
406,fb1,1.59611,1.60102
406,fb2,1.36656,2.29839
407,fb0,0.884028,1.42936
407,fb1,1.59656,1.60088
407,fb2,1.36577,2.2977
408,fb0,0.88412,1.43039
408,fb1,1.59702,1.60073
408,fb2,1.36499,2.297
409,fb0,0.884214,1.43142
409,fb1,1.59747,1.60058
409,fb2,1.36421,2.29631
410,fb0,0.884309,1.43246
410,fb1,1.59793,1.60043
410,fb2,1.36342,2.29561
411,fb0,0.884405,1.4335
411,fb1,1.59839,1.60029
411,fb2,1.36264,2.29492
412,fb0,0.884504,1.43453
412,fb1,1.59885,1.60014
412,fb2,1.36185,2.29422
413,fb0,0.884604,1.43558
413,fb1,1.59931,1.59999
413,fb2,1.36107,2.29353
414,fb0,0.884706,1.43662
414,fb1,1.59978,1.59984
414,fb2,1.36028,2.29284
415,fb0,0.88481,1.43766
415,fb1,1.60024,1.59969
415,fb2,1.3595,2.29214
416,fb0,0.884916,1.43871
416,fb1,1.60071,1.59954
416,fb2,1.35872,2.29145
417,fb0,0.885023,1.43975
417,fb1,1.60117,1.59938
417,fb2,1.35793,2.29076
418,fb0,0.885133,1.4408
418,fb1,1.60164,1.59923
418,fb2,1.35715,2.29006
419,fb0,0.885243,1.44185
419,fb1,1.60211,1.59908
419,fb2,1.35637,2.28937
420,fb0,0.885355,1.4429
420,fb1,1.60257,1.59892
420,fb2,1.35558,2.28868
421,fb0,0.885469,1.44396
421,fb1,1.60304,1.59877
421,fb2,1.3548,2.28798
422,fb0,0.885585,1.44501
422,fb1,1.60351,1.59861
422,fb2,1.35402,2.28729
423,fb0,0.885702,1.44606
423,fb1,1.60398,1.59846
423,fb2,1.35323,2.2866
424,fb0,0.885822,1.44712
424,fb1,1.60445,1.5983
424,fb2,1.35245,2.2859
425,fb0,0.885943,1.44818
425,fb1,1.60492,1.59814
425,fb2,1.35167,2.28521
426,fb0,0.886065,1.44923
426,fb1,1.60539,1.59798
426,fb2,1.35089,2.28452
427,fb0,0.886188,1.45029
427,fb1,1.60586,1.59782
427,fb2,1.35011,2.28383
428,fb0,0.886313,1.45135
428,fb1,1.60634,1.59766
428,fb2,1.34933,2.28314
429,fb0,0.886441,1.45241
429,fb1,1.60681,1.5975
429,fb2,1.34855,2.28245
430,fb0,0.88657,1.45347
430,fb1,1.60728,1.59734
430,fb2,1.34776,2.28176
431,fb0,0.886699,1.45453
431,fb1,1.60775,1.59718
431,fb2,1.34699,2.28107
432,fb0,0.88683,1.45559
432,fb1,1.60822,1.59702
432,fb2,1.34621,2.28038
433,fb0,0.886963,1.45665
433,fb1,1.60869,1.59685
433,fb2,1.34543,2.27969
434,fb0,0.887098,1.45771
434,fb1,1.60916,1.59669
434,fb2,1.34465,2.279
435,fb0,0.887234,1.45877
435,fb1,1.60964,1.59653
435,fb2,1.34387,2.27831
436,fb0,0.887371,1.45984
436,fb1,1.61202,1.59569
436,fb2,1.3431,2.27763
437,fb0,0.887512,1.46091
437,fb1,1.61457,1.59472
437,fb2,1.34231,2.27693
438,fb0,0.887657,1.46201
438,fb1,1.61708,1.59369
438,fb2,1.34152,2.27623
439,fb0,0.887807,1.46312
439,fb1,1.61954,1.59258
439,fb2,1.34071,2.27552
440,fb0,0.887963,1.46426
440,fb1,1.62194,1.59142
440,fb2,1.3399,2.27479
441,fb0,0.888125,1.46541
441,fb1,1.62429,1.59019
441,fb2,1.33907,2.27406
442,fb0,0.888292,1.46658
442,fb1,1.62658,1.58891
442,fb2,1.33823,2.27332
443,fb0,0.888467,1.46776
443,fb1,1.62882,1.58757
443,fb2,1.33739,2.27256
444,fb0,0.888647,1.46896
444,fb1,1.63101,1.58619
444,fb2,1.33653,2.27179
445,fb0,0.888835,1.47017
445,fb1,1.63314,1.58475
445,fb2,1.33566,2.27101
446,fb0,0.88903,1.47139
446,fb1,1.63522,1.58327
446,fb2,1.33478,2.27022
447,fb0,0.889232,1.47263
447,fb1,1.63724,1.58175
447,fb2,1.3339,2.26941
448,fb0,0.889442,1.47388
448,fb1,1.63921,1.58019
448,fb2,1.333,2.26859
449,fb0,0.889659,1.47513
449,fb1,1.64112,1.57858
449,fb2,1.3321,2.26775
450,fb0,0.889884,1.4764
450,fb1,1.64298,1.57694
450,fb2,1.33118,2.2669
451,fb0,0.890117,1.47767
451,fb1,1.64478,1.57527
451,fb2,1.33026,2.26603
452,fb0,0.890358,1.47895
452,fb1,1.64654,1.57356
452,fb2,1.32933,2.26515
453,fb0,0.890606,1.48023
453,fb1,1.64824,1.57183
453,fb2,1.3284,2.26426
454,fb0,0.890862,1.48152
454,fb1,1.64988,1.57006
454,fb2,1.32746,2.26335
455,fb0,0.891126,1.48281
455,fb1,1.65148,1.56827
455,fb2,1.32651,2.26243
456,fb0,0.891398,1.4841
456,fb1,1.65303,1.56645
456,fb2,1.32556,2.26149
457,fb0,0.891677,1.4854
457,fb1,1.65452,1.56461
457,fb2,1.32461,2.26054
458,fb0,0.891964,1.48669
458,fb1,1.65597,1.56274
458,fb2,1.32365,2.25957
459,fb0,0.892258,1.48799
459,fb1,1.65737,1.56085
459,fb2,1.32269,2.25859
460,fb0,0.89256,1.48928
460,fb1,1.65872,1.55894
460,fb2,1.32173,2.2576
461,fb0,0.892868,1.49057
461,fb1,1.66002,1.55701
461,fb2,1.32077,2.2566
462,fb0,0.893184,1.49186
462,fb1,1.66128,1.55506
462,fb2,1.31981,2.25558
463,fb0,0.893506,1.49314
463,fb1,1.66249,1.5531
463,fb2,1.31884,2.25455
464,fb0,0.893834,1.49442
464,fb1,1.66365,1.55112
464,fb2,1.31788,2.25351
465,fb0,0.894169,1.49569
465,fb1,1.66476,1.54912
465,fb2,1.31692,2.25245
466,fb0,0.894509,1.49696
466,fb1,1.66584,1.54711
466,fb2,1.31597,2.25139
467,fb0,0.894855,1.49821
467,fb1,1.66687,1.54508
467,fb2,1.31501,2.25031
468,fb0,0.895206,1.49946
468,fb1,1.66785,1.54305
468,fb2,1.31407,2.24923
469,fb0,0.895563,1.5007
469,fb1,1.66879,1.541
469,fb2,1.31312,2.24813
470,fb0,0.895923,1.50193
470,fb1,1.66969,1.53894
470,fb2,1.31218,2.24703
471,fb0,0.896288,1.50315
471,fb1,1.67055,1.53688
471,fb2,1.31125,2.24592
472,fb0,0.896657,1.50436
472,fb1,1.67137,1.5348
472,fb2,1.31032,2.2448
473,fb0,0.897029,1.50556
473,fb1,1.67214,1.53272
473,fb2,1.30941,2.24367
474,fb0,0.897404,1.50674
474,fb1,1.67288,1.53062
474,fb2,1.3085,2.24254
475,fb0,0.897782,1.50791
475,fb1,1.67357,1.52853
475,fb2,1.30759,2.2414
476,fb0,0.898163,1.50907
476,fb1,1.67423,1.52642
476,fb2,1.3067,2.24025
477,fb0,0.898544,1.51021
477,fb1,1.67485,1.52431
477,fb2,1.30582,2.2391
478,fb0,0.898928,1.51133
478,fb1,1.67543,1.5222
478,fb2,1.30494,2.23794
479,fb0,0.899312,1.51244
479,fb1,1.67597,1.52009
479,fb2,1.30408,2.23678
480,fb0,0.899697,1.51354
480,fb1,1.67648,1.51797
480,fb2,1.30323,2.23562
481,fb0,0.900082,1.51461
481,fb1,1.67695,1.51584
481,fb2,1.30239,2.23446
482,fb0,0.900466,1.51567
482,fb1,1.67738,1.51372
482,fb2,1.30156,2.23329
483,fb0,0.90085,1.51671
483,fb1,1.67778,1.5116
483,fb2,1.30074,2.23212
484,fb0,0.901232,1.51773
484,fb1,1.67815,1.50947
484,fb2,1.29994,2.23095
485,fb0,0.901613,1.51873
485,fb1,1.67848,1.50735
485,fb2,1.29914,2.22979
486,fb0,0.901992,1.51972
486,fb1,1.67878,1.50522
486,fb2,1.29836,2.22862
487,fb0,0.902368,1.52068
487,fb1,1.67905,1.5031
487,fb2,1.2976,2.22745
488,fb0,0.902741,1.52162
488,fb1,1.67928,1.50098
488,fb2,1.29684,2.22629
489,fb0,0.903111,1.52254
489,fb1,1.67949,1.49886
489,fb2,1.29611,2.22512
490,fb0,0.903476,1.52344
490,fb1,1.67966,1.49674
490,fb2,1.29538,2.22396
491,fb0,0.903838,1.52432
491,fb1,1.6798,1.49463
491,fb2,1.29467,2.22281
492,fb0,0.904195,1.52517
492,fb1,1.67992,1.49252
492,fb2,1.29397,2.22165
493,fb0,0.904547,1.526
493,fb1,1.68,1.49042
493,fb2,1.29329,2.2205
494,fb0,0.904894,1.52682
494,fb1,1.68006,1.48831
494,fb2,1.29262,2.21936
495,fb0,0.905235,1.5276
495,fb1,1.68008,1.48622
495,fb2,1.29196,2.21822
496,fb0,0.90557,1.52837
496,fb1,1.68009,1.48413
496,fb2,1.29132,2.21709
497,fb0,0.905899,1.52911
497,fb1,1.68006,1.48204
497,fb2,1.29069,2.21596
498,fb0,0.90622,1.52983
498,fb1,1.68001,1.47996
498,fb2,1.29008,2.21484
499,fb0,0.906535,1.53053
499,fb1,1.67993,1.47789
499,fb2,1.28948,2.21372
500,fb0,0.906843,1.53121
500,fb1,1.67983,1.47582
500,fb2,1.28889,2.21261
501,fb0,0.907143,1.53186
501,fb1,1.67971,1.47376
501,fb2,1.28832,2.21151
502,fb0,0.907436,1.53248
502,fb1,1.67956,1.4717
502,fb2,1.28776,2.21041
503,fb0,0.907721,1.53309
503,fb1,1.67939,1.46966
503,fb2,1.28722,2.20933
504,fb0,0.907997,1.53367
504,fb1,1.67919,1.46762
504,fb2,1.28669,2.20825
505,fb0,0.908266,1.53423
505,fb1,1.67898,1.46558
505,fb2,1.28617,2.20717
506,fb0,0.908526,1.53477
506,fb1,1.67874,1.46356
506,fb2,1.28567,2.20611
507,fb0,0.908777,1.53528
507,fb1,1.67848,1.46154
507,fb2,1.28518,2.20505
508,fb0,0.90902,1.53578
508,fb1,1.6782,1.45953
508,fb2,1.2847,2.204
509,fb0,0.909255,1.53625
509,fb1,1.6779,1.45753
509,fb2,1.28423,2.20296
510,fb0,0.90948,1.5367
510,fb1,1.67758,1.45554
510,fb2,1.28378,2.20192
511,fb0,0.909698,1.53713
511,fb1,1.67725,1.45355
511,fb2,1.28334,2.20089
512,fb0,0.909906,1.53754
512,fb1,1.67689,1.45158
512,fb2,1.28291,2.19987
513,fb0,0.910107,1.53793
513,fb1,1.67652,1.44961
513,fb2,1.28249,2.19886
514,fb0,0.910299,1.5383
514,fb1,1.67613,1.44765
514,fb2,1.28209,2.19785
515,fb0,0.910483,1.53865
515,fb1,1.67573,1.4457
515,fb2,1.28169,2.19686
516,fb0,0.910659,1.53898
516,fb1,1.6753,1.44376
516,fb2,1.28131,2.19587
517,fb0,0.910827,1.5393
517,fb1,1.67486,1.44183
517,fb2,1.28094,2.19488
518,fb0,0.910989,1.5396
518,fb1,1.67441,1.43991
518,fb2,1.28058,2.1939
519,fb0,0.911144,1.53989
519,fb1,1.67394,1.43799
519,fb2,1.28023,2.19293
520,fb0,0.911293,1.54017
520,fb1,1.67346,1.43609
520,fb2,1.27989,2.19197
521,fb0,0.911437,1.54043
521,fb1,1.67296,1.43419
521,fb2,1.27956,2.19101
522,fb0,0.911577,1.54068
522,fb1,1.67245,1.43231
522,fb2,1.27924,2.19005
523,fb0,0.911712,1.54092
523,fb1,1.67193,1.43043
523,fb2,1.27893,2.18911
524,fb0,0.911846,1.54116
524,fb1,1.6714,1.42856
524,fb2,1.27863,2.18816
525,fb0,0.911859,1.54119
525,fb1,1.67085,1.4267
525,fb2,1.27834,2.18723
526,fb0,0.911859,1.54119
526,fb1,1.67029,1.42485
526,fb2,1.27806,2.18629
527,fb0,0.911859,1.54119
527,fb1,1.66972,1.42301
527,fb2,1.27779,2.18536
528,fb0,0.911859,1.54119
528,fb1,1.66913,1.42118
528,fb2,1.27753,2.18444
529,fb0,0.911859,1.54119
529,fb1,1.66854,1.41935
529,fb2,1.27727,2.18351
530,fb0,0.911859,1.54119
530,fb1,1.66794,1.41753
530,fb2,1.27703,2.18259
531,fb0,0.911859,1.54119
531,fb1,1.66732,1.41573
531,fb2,1.27679,2.18167
532,fb0,0.912117,1.5412
532,fb1,1.6667,1.41393
532,fb2,1.27656,2.18075
533,fb0,0.912412,1.54122
533,fb1,1.66606,1.41213
533,fb2,1.27634,2.17984
534,fb0,0.912718,1.54123
534,fb1,1.66542,1.41035
534,fb2,1.27613,2.17893
535,fb0,0.913036,1.54125
535,fb1,1.66477,1.40859
535,fb2,1.27593,2.17802
536,fb0,0.913369,1.54126
536,fb1,1.66411,1.40683
536,fb2,1.27573,2.17711
537,fb0,0.913717,1.54127
537,fb1,1.66345,1.40508
537,fb2,1.27554,2.17621
538,fb0,0.913753,1.54128
538,fb1,1.66278,1.40334
538,fb2,1.27537,2.17531
539,fb0,0.913753,1.54128
539,fb1,1.6621,1.40161
539,fb2,1.2752,2.17441
540,fb0,0.913753,1.54128
540,fb1,1.66142,1.39989
540,fb2,1.27503,2.17352
541,fb0,0.913753,1.54128
541,fb1,1.66072,1.39817
541,fb2,1.27488,2.17262
542,fb0,0.914094,1.54108
542,fb1,1.66003,1.39647
542,fb2,1.27473,2.17172
543,fb0,0.914483,1.54084
543,fb1,1.65932,1.39477
543,fb2,1.2746,2.17083
544,fb0,0.914888,1.54059
544,fb1,1.65862,1.39308
544,fb2,1.27447,2.16993
545,fb0,0.915308,1.54033
545,fb1,1.65791,1.39141
545,fb2,1.27435,2.16904
546,fb0,0.915743,1.54006
546,fb1,1.65719,1.38974
546,fb2,1.27423,2.16814
547,fb0,0.916195,1.53977
547,fb1,1.65647,1.38808
547,fb2,1.27413,2.16724
548,fb0,0.916663,1.53947
548,fb1,1.65575,1.38644
548,fb2,1.27403,2.16635
549,fb0,0.917147,1.53916
549,fb1,1.65503,1.3848
549,fb2,1.27394,2.16545
550,fb0,0.917648,1.53882
550,fb1,1.6543,1.38317
550,fb2,1.27386,2.16455
551,fb0,0.918166,1.53847
551,fb1,1.65357,1.38156
551,fb2,1.27379,2.16365
552,fb0,0.9187,1.53811
552,fb1,1.65284,1.37995
552,fb2,1.27373,2.16275
553,fb0,0.919251,1.53772
553,fb1,1.65212,1.37835
553,fb2,1.27367,2.16185
554,fb0,0.919818,1.53732
554,fb1,1.65139,1.37676
554,fb2,1.27362,2.16094
555,fb0,0.920402,1.53689
555,fb1,1.65067,1.37517
555,fb2,1.27359,2.16004
556,fb0,0.921001,1.53645
556,fb1,1.64996,1.3736
556,fb2,1.27356,2.15913
557,fb0,0.921617,1.53598
557,fb1,1.64924,1.37202
557,fb2,1.27354,2.15821
558,fb0,0.922248,1.53549
558,fb1,1.64853,1.37046
558,fb2,1.27353,2.1573
559,fb0,0.922894,1.53498
559,fb1,1.64783,1.3689
559,fb2,1.27353,2.15638
560,fb0,0.923554,1.53444
560,fb1,1.64712,1.36735
560,fb2,1.27354,2.15546
561,fb0,0.924228,1.53388
561,fb1,1.64642,1.36581
561,fb2,1.27355,2.15454
562,fb0,0.924916,1.5333
562,fb1,1.64572,1.36427
562,fb2,1.27358,2.15362
563,fb0,0.925616,1.53269
563,fb1,1.64503,1.36274
563,fb2,1.27362,2.15269
564,fb0,0.926328,1.53205
564,fb1,1.64433,1.36122
564,fb2,1.27367,2.15176
565,fb0,0.927051,1.53138
565,fb1,1.64364,1.3597
565,fb2,1.27372,2.15083
566,fb0,0.927784,1.53069
566,fb1,1.64296,1.35818
566,fb2,1.27379,2.14989
567,fb0,0.928527,1.52996
567,fb1,1.64227,1.35667
567,fb2,1.27387,2.14895
568,fb0,0.929277,1.52921
568,fb1,1.64159,1.35517
568,fb2,1.27396,2.14801
569,fb0,0.930035,1.52843
569,fb1,1.64091,1.35367
569,fb2,1.27406,2.14707
570,fb0,0.930799,1.52761
570,fb1,1.64023,1.35218
570,fb2,1.27417,2.14612
571,fb0,0.930875,1.52753
571,fb1,1.63955,1.35068
571,fb2,1.27429,2.14517
572,fb0,0.930875,1.52753
572,fb1,1.63887,1.34919
572,fb2,1.27442,2.14422
573,fb0,0.930875,1.52753
573,fb1,1.6382,1.34771
573,fb2,1.27457,2.14326
574,fb0,0.931221,1.52649
574,fb1,1.63752,1.34622
574,fb2,1.27473,2.1423
575,fb0,0.93158,1.52531
575,fb1,1.63684,1.34473
575,fb2,1.2749,2.14133
576,fb0,0.931925,1.52412
576,fb1,1.63617,1.34325
576,fb2,1.27508,2.14037
577,fb0,0.932257,1.52291
577,fb1,1.6355,1.34176
577,fb2,1.27527,2.13942
578,fb0,0.932576,1.52169
578,fb1,1.63482,1.34028
578,fb2,1.27547,2.13846
579,fb0,0.93288,1.52047
579,fb1,1.63415,1.3388
579,fb2,1.27568,2.13752
580,fb0,0.93317,1.51923
580,fb1,1.63348,1.33733
580,fb2,1.2759,2.13658
581,fb0,0.933444,1.51798
581,fb1,1.63281,1.33585
581,fb2,1.27612,2.13565
582,fb0,0.933703,1.51672
582,fb1,1.63214,1.33437
582,fb2,1.27636,2.13472
583,fb0,0.933946,1.51545
583,fb1,1.63148,1.33289
583,fb2,1.27661,2.1338
584,fb0,0.934173,1.51418
584,fb1,1.63082,1.3314
584,fb2,1.27686,2.13289
585,fb0,0.934383,1.51289
585,fb1,1.63016,1.32992
585,fb2,1.27712,2.13198
586,fb0,0.934576,1.5116
586,fb1,1.62951,1.32843
586,fb2,1.27739,2.13108
587,fb0,0.934752,1.51031
587,fb1,1.62887,1.32694
587,fb2,1.27767,2.13018
588,fb0,0.93491,1.509
588,fb1,1.62823,1.32544
588,fb2,1.27795,2.1293
589,fb0,0.935051,1.5077
589,fb1,1.62759,1.32394
589,fb2,1.27824,2.12842
590,fb0,0.935173,1.50639
590,fb1,1.62696,1.32244
590,fb2,1.27854,2.12754
591,fb0,0.935277,1.50507
591,fb1,1.62634,1.32094
591,fb2,1.27884,2.12668
592,fb0,0.935363,1.50376
592,fb1,1.62572,1.31943
592,fb2,1.27915,2.12582
593,fb0,0.935431,1.50244
593,fb1,1.6251,1.31791
593,fb2,1.27947,2.12496
594,fb0,0.93548,1.50112
594,fb1,1.6245,1.31639
594,fb2,1.27978,2.12412
595,fb0,0.935511,1.4998
595,fb1,1.6239,1.31487
595,fb2,1.28011,2.12327
596,fb0,0.935523,1.49848
596,fb1,1.6233,1.31334
596,fb2,1.28044,2.12244
597,fb0,0.935516,1.49716
597,fb1,1.62271,1.31181
597,fb2,1.28077,2.12161
598,fb0,0.935491,1.49584
598,fb1,1.62213,1.31027
598,fb2,1.28111,2.12078
599,fb0,0.935448,1.49453
599,fb1,1.62155,1.30872
599,fb2,1.28145,2.11996
600,fb0,0.935386,1.49322
600,fb1,1.62098,1.30718
600,fb2,1.2818,2.11914
