1,fb0,1.14537,1.56493
1,fb1,1.81873,1.35002
1,fb2,1.6408,1.51463
2,fb0,1.14537,1.56493
2,fb1,1.81878,1.35114
2,fb2,1.6397,1.51484
3,fb0,1.14537,1.56493
3,fb1,1.81885,1.35239
3,fb2,1.63847,1.5151
4,fb0,1.14537,1.56493
4,fb1,1.81894,1.35364
4,fb2,1.63725,1.51538
5,fb0,1.14537,1.56493
5,fb1,1.81906,1.35488
5,fb2,1.63604,1.51568
6,fb0,1.14537,1.56493
6,fb1,1.81919,1.35613
6,fb2,1.63483,1.516
7,fb0,1.14537,1.56493
7,fb1,1.81935,1.35737
7,fb2,1.63363,1.51634
8,fb0,1.14537,1.56493
8,fb1,1.81953,1.3586
8,fb2,1.63243,1.5167
9,fb0,1.14537,1.56493
9,fb1,1.81974,1.35984
9,fb2,1.63124,1.51709
10,fb0,1.14537,1.56493
10,fb1,1.81996,1.36106
10,fb2,1.63006,1.51749
11,fb0,1.14537,1.56493
11,fb1,1.82021,1.36229
11,fb2,1.62889,1.51792
12,fb0,1.14537,1.56493
12,fb1,1.82048,1.36351
12,fb2,1.62772,1.51837
13,fb0,1.14537,1.56493
13,fb1,1.82077,1.36473
13,fb2,1.62656,1.51884
14,fb0,1.14537,1.56493
14,fb1,1.82108,1.36594
14,fb2,1.62541,1.51933
15,fb0,1.14301,1.57351
15,fb1,1.82142,1.36714
15,fb2,1.62427,1.51984
16,fb0,1.1394,1.58282
16,fb1,1.82177,1.36834
16,fb2,1.62314,1.52037
17,fb0,1.13488,1.59174
17,fb1,1.82215,1.36953
17,fb2,1.62202,1.52092
18,fb0,1.12958,1.60021
18,fb1,1.82255,1.37072
18,fb2,1.6209,1.52149
19,fb0,1.12362,1.60824
19,fb1,1.82297,1.37189
19,fb2,1.6198,1.52208
20,fb0,1.1171,1.61582
20,fb1,1.82341,1.37306
20,fb2,1.61871,1.52269
21,fb0,1.11012,1.62298
21,fb1,1.82387,1.37423
21,fb2,1.61763,1.52332
22,fb0,1.10274,1.62973
22,fb1,1.82435,1.37538
22,fb2,1.61656,1.52396
23,fb0,1.09503,1.63609
23,fb1,1.82485,1.37652
23,fb2,1.6155,1.52463
24,fb0,1.08704,1.64211
24,fb1,1.82538,1.37766
24,fb2,1.61446,1.52532
25,fb0,1.07882,1.6478
25,fb1,1.82592,1.37878
25,fb2,1.61343,1.52602
26,fb0,1.0704,1.65318
26,fb1,1.82648,1.3799
26,fb2,1.61241,1.52674
27,fb0,1.0618,1.6583
27,fb1,1.82706,1.38101
27,fb2,1.61138,1.52745
28,fb0,1.05307,1.66316
28,fb1,1.82767,1.3821
28,fb2,1.61034,1.52815
29,fb0,1.04441,1.66769
29,fb1,1.82829,1.38319
29,fb2,1.60931,1.52885
30,fb0,1.03664,1.67153
30,fb1,1.82893,1.38426
30,fb2,1.60827,1.52955
31,fb0,1.0297,1.6748
31,fb1,1.82959,1.38532
31,fb2,1.60723,1.53025
32,fb0,1.02342,1.67765
32,fb1,1.82966,1.38543
32,fb2,1.60619,1.53094
33,fb0,1.0177,1.68015
33,fb1,1.83039,1.38628
33,fb2,1.59904,1.53551
34,fb0,1.01187,1.68263
34,fb1,1.83047,1.38638
34,fb2,1.59058,1.54071
35,fb0,1.00573,1.68517
35,fb1,1.83047,1.38638
35,fb2,1.58203,1.5459
36,fb0,0.999297,1.68782
36,fb1,1.83047,1.38638
36,fb2,1.57349,1.5511
37,fb0,0.992597,1.69057
37,fb1,1.8386,1.38999
37,fb2,1.56495,1.5563
38,fb0,0.985664,1.69342
38,fb1,1.84809,1.3931
38,fb2,1.5564,1.56149
39,fb0,0.978489,1.69629
39,fb1,1.85786,1.39524
39,fb2,1.54786,1.56669
40,fb0,0.971108,1.69922
40,fb1,1.86777,1.39652
40,fb2,1.53931,1.57188
41,fb0,0.963543,1.70223
41,fb1,1.87776,1.397
41,fb2,1.53077,1.57708
42,fb0,0.955807,1.7053
42,fb1,1.88775,1.39678
42,fb2,1.52223,1.58228
43,fb0,0.94788,1.70835
43,fb1,1.89771,1.39593
43,fb2,1.51368,1.58747
44,fb0,0.939806,1.71143
44,fb1,1.90761,1.39452
44,fb2,1.50514,1.59267
45,fb0,0.931603,1.71456
45,fb1,1.91743,1.39261
45,fb2,1.49659,1.59787
46,fb0,0.923288,1.71773
46,fb1,1.92714,1.39025
46,fb2,1.48805,1.60306
47,fb0,0.914834,1.72085
47,fb1,1.93675,1.38749
47,fb2,1.47951,1.60826
48,fb0,0.906285,1.72397
48,fb1,1.94626,1.38437
48,fb2,1.47096,1.61345
49,fb0,0.89766,1.72713
49,fb1,1.95565,1.38093
49,fb2,1.46249,1.61861
50,fb0,0.888977,1.7303
50,fb1,1.96492,1.37721
50,fb2,1.45727,1.62178
51,fb0,0.88063,1.73324
51,fb1,1.97409,1.37322
51,fb2,1.45403,1.62382
52,fb0,0.872874,1.73594
52,fb1,1.98297,1.36908
52,fb2,1.45175,1.62533
53,fb0,0.865743,1.73843
53,fb1,1.99051,1.36534
53,fb2,1.4499,1.62661
54,fb0,0.859184,1.74072
54,fb1,1.99695,1.36195
54,fb2,1.44822,1.62784
55,fb0,0.853123,1.74283
55,fb1,2.00257,1.35884
55,fb2,1.44806,1.62796
56,fb0,0.847625,1.74475
56,fb1,2.00764,1.35588
56,fb2,1.44806,1.62796
57,fb0,0.842631,1.74649
57,fb1,2.01228,1.35305
57,fb2,1.44806,1.62796
58,fb0,0.838064,1.74808
58,fb1,2.01657,1.35032
58,fb2,1.44806,1.62796
59,fb0,0.833866,1.74955
59,fb1,2.02054,1.34767
59,fb2,1.44806,1.62796
60,fb0,0.829986,1.7509
60,fb1,2.02425,1.3451
60,fb2,1.44779,1.62922
61,fb0,0.826354,1.75217
61,fb1,2.02769,1.34261
61,fb2,1.44754,1.63063
62,fb0,0.822938,1.75336
62,fb1,2.0309,1.3402
62,fb2,1.44731,1.63203
63,fb0,0.819711,1.75447
63,fb1,2.03391,1.33785
63,fb2,1.4471,1.63345
64,fb0,0.816658,1.75551
64,fb1,2.03674,1.33555
64,fb2,1.44691,1.63487
65,fb0,0.813761,1.75649
65,fb1,2.03942,1.3333
65,fb2,1.44675,1.63631
66,fb0,0.811007,1.7574
66,fb1,2.04195,1.33107
66,fb2,1.44661,1.63776
67,fb0,0.808385,1.75826
67,fb1,2.04436,1.32888
67,fb2,1.44649,1.63923
68,fb0,0.805884,1.75907
68,fb1,2.04665,1.3267
68,fb2,1.4464,1.6407
69,fb0,0.803496,1.75983
69,fb1,2.04884,1.32455
69,fb2,1.44634,1.64219
70,fb0,0.801214,1.76054
70,fb1,2.05094,1.3224
70,fb2,1.4463,1.64369
71,fb0,0.799032,1.76121
71,fb1,2.05295,1.32025
71,fb2,1.44629,1.6452
72,fb0,0.796943,1.76185
72,fb1,2.05488,1.31811
72,fb2,1.44631,1.64672
73,fb0,0.794942,1.76245
73,fb1,2.05674,1.31597
73,fb2,1.44636,1.64825
74,fb0,0.793024,1.76302
74,fb1,2.05853,1.31382
74,fb2,1.44644,1.64978
75,fb0,0.791185,1.76356
75,fb1,2.06025,1.31166
75,fb2,1.44655,1.65132
76,fb0,0.789421,1.76408
76,fb1,2.0619,1.30949
76,fb2,1.44669,1.65287
77,fb0,0.784878,1.76538
77,fb1,2.06398,1.30666
77,fb2,1.44687,1.65442
78,fb0,0.780394,1.76666
78,fb1,2.06598,1.30385
78,fb2,1.44706,1.65586
79,fb0,0.776297,1.76783
79,fb1,2.06706,1.30231
79,fb2,1.44726,1.6572
80,fb0,0.772541,1.76891
80,fb1,2.06798,1.301
80,fb2,1.44746,1.65842
81,fb0,0.769086,1.76989
81,fb1,2.06885,1.29978
81,fb2,1.44767,1.65953
82,fb0,0.765896,1.77081
82,fb1,2.06967,1.29864
82,fb2,1.44787,1.66054
83,fb0,0.762943,1.77165
83,fb1,2.07044,1.29758
83,fb2,1.44806,1.66147
84,fb0,0.7602,1.77244
84,fb1,2.07118,1.29658
84,fb2,1.44825,1.66233
85,fb0,0.757648,1.77317
85,fb1,2.07188,1.29564
85,fb2,1.44844,1.66312
86,fb0,0.755267,1.77385
86,fb1,2.07254,1.29475
86,fb2,1.44861,1.66385
87,fb0,0.753042,1.77448
87,fb1,2.07317,1.29392
87,fb2,1.44878,1.66452
88,fb0,0.750958,1.77508
88,fb1,2.07377,1.29313
88,fb2,1.44895,1.66515
89,fb0,0.749004,1.77564
89,fb1,2.07434,1.29239
89,fb2,1.4491,1.66574
90,fb0,0.747168,1.77616
90,fb1,2.07489,1.29169
90,fb2,1.44925,1.66629
91,fb0,0.745442,1.77666
91,fb1,2.0754,1.29102
91,fb2,1.4494,1.6668
92,fb0,0.743815,1.77712
92,fb1,2.0759,1.29039
92,fb2,1.44953,1.66728
93,fb0,0.742281,1.77756
93,fb1,2.07637,1.28979
93,fb2,1.44967,1.66773
94,fb0,0.740833,1.77798
94,fb1,2.07682,1.28922
94,fb2,1.44979,1.66815
95,fb0,0.739465,1.77837
95,fb1,2.07725,1.28868
95,fb2,1.44991,1.66854
96,fb0,0.73817,1.77874
96,fb1,2.07766,1.28817
96,fb2,1.45003,1.66892
97,fb0,0.736944,1.77909
97,fb1,2.07805,1.28768
97,fb2,1.45014,1.66927
98,fb0,0.735782,1.77942
98,fb1,2.07842,1.28722
98,fb2,1.45024,1.6696
99,fb0,0.734681,1.77974
99,fb1,2.07878,1.28677
99,fb2,1.45034,1.66991
100,fb0,0.733635,1.78004
100,fb1,2.07913,1.28635
100,fb2,1.45044,1.67021
101,fb0,0.732642,1.78032
101,fb1,2.07945,1.28595
101,fb2,1.45053,1.67049
102,fb0,0.731698,1.78059
102,fb1,2.07977,1.28557
102,fb2,1.45061,1.67075
103,fb0,0.7308,1.78085
103,fb1,2.08007,1.2852
103,fb2,1.4507,1.67101
104,fb0,0.729946,1.78109
104,fb1,2.08035,1.28485
104,fb2,1.45078,1.67124
105,fb0,0.729133,1.78132
105,fb1,2.08063,1.28452
105,fb2,1.45085,1.67147
106,fb0,0.728358,1.78155
106,fb1,2.08089,1.2842
106,fb2,1.45093,1.67169
107,fb0,0.72762,1.78176
107,fb1,2.08114,1.28389
107,fb2,1.451,1.67189
108,fb0,0.726916,1.78196
108,fb1,2.08139,1.2836
108,fb2,1.45106,1.67208
109,fb0,0.726245,1.78215
109,fb1,2.08162,1.28332
109,fb2,1.45113,1.67227
110,fb0,0.725605,1.78233
110,fb1,2.08184,1.28306
110,fb2,1.45119,1.67244
111,fb0,0.724993,1.78251
111,fb1,2.08205,1.2828
111,fb2,1.45125,1.67261
112,fb0,0.724409,1.78268
112,fb1,2.08226,1.28256
112,fb2,1.45131,1.67277
113,fb0,0.723852,1.78283
113,fb1,2.08245,1.28233
113,fb2,1.45136,1.67292
114,fb0,0.723319,1.78299
114,fb1,2.08264,1.2821
114,fb2,1.45141,1.67307
115,fb0,0.722809,1.78313
115,fb1,2.08282,1.28189
115,fb2,1.45146,1.67321
116,fb0,0.722322,1.78327
116,fb1,2.083,1.28168
116,fb2,1.45151,1.67334
117,fb0,0.721856,1.78341
117,fb1,2.08316,1.28149
117,fb2,1.45155,1.67347
118,fb0,0.72141,1.78353
118,fb1,2.08332,1.2813
118,fb2,1.4516,1.67359
119,fb0,0.720984,1.78366
119,fb1,2.08348,1.28112
119,fb2,1.45164,1.6737
120,fb0,0.720575,1.78377
120,fb1,2.08362,1.28094
120,fb2,1.45168,1.67381
121,fb0,0.720185,1.78388
121,fb1,2.08376,1.28078
121,fb2,1.45172,1.67392
122,fb0,0.71981,1.78399
122,fb1,2.0839,1.28062
122,fb2,1.45175,1.67402
123,fb0,0.719452,1.78409
123,fb1,2.08403,1.28046
123,fb2,1.45179,1.67411
124,fb0,0.719108,1.78419
124,fb1,2.08415,1.28032
124,fb2,1.45182,1.6742
125,fb0,0.718779,1.78429
125,fb1,2.08427,1.28018
125,fb2,1.45186,1.67429
126,fb0,0.718464,1.78438
126,fb1,2.08439,1.28004
126,fb2,1.45189,1.67438
127,fb0,0.718161,1.78446
127,fb1,2.0845,1.27991
127,fb2,1.45192,1.67446
128,fb0,0.717871,1.78455
128,fb1,2.08461,1.27979
128,fb2,1.45195,1.67453
129,fb0,0.717593,1.78463
129,fb1,2.08471,1.27967
129,fb2,1.45197,1.67461
130,fb0,0.717327,1.7847
130,fb1,2.08481,1.27956
130,fb2,1.452,1.67468
131,fb0,0.717071,1.78477
131,fb1,2.0849,1.27945
131,fb2,1.45203,1.67475
132,fb0,0.716826,1.78484
132,fb1,2.08499,1.27934
132,fb2,1.45205,1.67481
133,fb0,0.716591,1.78491
133,fb1,2.08508,1.27924
133,fb2,1.45207,1.67487
134,fb0,0.716365,1.78498
134,fb1,2.08516,1.27914
134,fb2,1.4521,1.67493
135,fb0,0.716148,1.78504
135,fb1,2.08524,1.27905
135,fb2,1.45212,1.67499
136,fb0,0.71594,1.7851
136,fb1,2.08532,1.27896
136,fb2,1.45214,1.67505
137,fb0,0.715741,1.78516
137,fb1,2.0854,1.27887
137,fb2,1.45216,1.6751
138,fb0,0.715549,1.78521
138,fb1,2.08547,1.27879
138,fb2,1.45218,1.67515
139,fb0,0.715365,1.78526
139,fb1,2.08554,1.27871
139,fb2,1.4522,1.6752
140,fb0,0.715188,1.78531
140,fb1,2.0856,1.27863
140,fb2,1.45221,1.67524
141,fb0,0.715019,1.78536
141,fb1,2.08567,1.27856
141,fb2,1.45223,1.67529
142,fb0,0.714856,1.78541
142,fb1,2.08573,1.27849
142,fb2,1.45225,1.67533
143,fb0,0.714699,1.78545
143,fb1,2.08579,1.27842
143,fb2,1.45226,1.67537
144,fb0,0.714549,1.7855
144,fb1,2.08584,1.27835
144,fb2,1.45228,1.67541
145,fb0,0.714405,1.78554
145,fb1,2.0859,1.27829
145,fb2,1.45229,1.67545
146,fb0,0.714266,1.78558
146,fb1,2.08595,1.27823
146,fb2,1.45231,1.67549
147,fb0,0.714133,1.78561
147,fb1,2.086,1.27817
147,fb2,1.45232,1.67552
148,fb0,0.714005,1.78565
148,fb1,2.08605,1.27812
148,fb2,1.45233,1.67555
149,fb0,0.713882,1.78569
149,fb1,2.0861,1.27806
149,fb2,1.45235,1.67559
150,fb0,0.713764,1.78572
150,fb1,2.08614,1.27801
150,fb2,1.45236,1.67562
151,fb0,0.71365,1.78575
151,fb1,2.08618,1.27796
151,fb2,1.45237,1.67565
152,fb0,0.713541,1.78578
152,fb1,2.08623,1.27791
152,fb2,1.45238,1.67568
153,fb0,0.713436,1.78581
153,fb1,2.08626,1.27787
153,fb2,1.45239,1.6757
154,fb0,0.713335,1.78584
154,fb1,2.0863,1.27782
154,fb2,1.4524,1.67573
155,fb0,0.713238,1.78587
155,fb1,2.08634,1.27778
155,fb2,1.45241,1.67575
156,fb0,0.713145,1.7859
156,fb1,2.08638,1.27774
156,fb2,1.45242,1.67578
157,fb0,0.713056,1.78592
157,fb1,2.08641,1.2777
157,fb2,1.45243,1.6758
158,fb0,0.71297,1.78595
158,fb1,2.08644,1.27766
158,fb2,1.45244,1.67582
159,fb0,0.712887,1.78597
159,fb1,2.08647,1.27763
159,fb2,1.45245,1.67585
160,fb0,0.712807,1.78599
160,fb1,2.0865,1.27759
160,fb2,1.45245,1.67587
161,fb0,0.712731,1.78602
161,fb1,2.08653,1.27756
161,fb2,1.45246,1.67589
162,fb0,0.712657,1.78604
162,fb1,2.08656,1.27753
162,fb2,1.45247,1.67591
163,fb0,0.712586,1.78606
163,fb1,2.08659,1.2775
163,fb2,1.45248,1.67592
164,fb0,0.712518,1.78608
164,fb1,2.08662,1.27747
164,fb2,1.45248,1.67594
165,fb0,0.712453,1.7861
165,fb1,2.08664,1.27744
165,fb2,1.45249,1.67596
166,fb0,0.71239,1.78611
166,fb1,2.08666,1.27741
166,fb2,1.4525,1.67598
167,fb0,0.71233,1.78613
167,fb1,2.08669,1.27738
167,fb2,1.4525,1.67599
168,fb0,0.712271,1.78615
168,fb1,2.08671,1.27736
168,fb2,1.45251,1.67601
169,fb0,0.712215,1.78616
169,fb1,2.08673,1.27733
169,fb2,1.45251,1.67602
170,fb0,0.712162,1.78618
170,fb1,2.08675,1.27731
170,fb2,1.45252,1.67603
171,fb0,0.71211,1.78619
171,fb1,2.08677,1.27729
171,fb2,1.45252,1.67605
172,fb0,0.71206,1.78621
172,fb1,2.08679,1.27726
172,fb2,1.45253,1.67606
173,fb0,0.712012,1.78622
173,fb1,2.08681,1.27724
173,fb2,1.45253,1.67607
174,fb0,0.711966,1.78623
174,fb1,2.08683,1.27722
174,fb2,1.45254,1.67609
175,fb0,0.711922,1.78625
175,fb1,2.08684,1.2772
175,fb2,1.45254,1.6761
176,fb0,0.711879,1.78626
176,fb1,2.08686,1.27718
176,fb2,1.45255,1.67611
177,fb0,0.711838,1.78627
177,fb1,2.08688,1.27717
177,fb2,1.45255,1.67612
178,fb0,0.711799,1.78628
178,fb1,2.08689,1.27715
178,fb2,1.45256,1.67613
179,fb0,0.711761,1.78629
179,fb1,2.08691,1.27713
179,fb2,1.45256,1.67614
180,fb0,0.711724,1.7863
180,fb1,2.08692,1.27712
180,fb2,1.45256,1.67615
181,fb0,0.711689,1.78631
181,fb1,2.08693,1.2771
181,fb2,1.45257,1.67616
182,fb0,0.711656,1.78632
182,fb1,2.08695,1.27709
182,fb2,1.45257,1.67617
183,fb0,0.711623,1.78633
183,fb1,2.08696,1.27707
183,fb2,1.45257,1.67617
184,fb0,0.711592,1.78634
184,fb1,2.08697,1.27706
184,fb2,1.45258,1.67618
185,fb0,0.711562,1.78635
185,fb1,2.08698,1.27704
185,fb2,1.45258,1.67619
186,fb0,0.711533,1.78636
186,fb1,2.08699,1.27703
186,fb2,1.45258,1.6762
187,fb0,0.711505,1.78637
187,fb1,2.08701,1.27702
187,fb2,1.45259,1.6762
188,fb0,0.711478,1.78637
188,fb1,2.08702,1.27701
188,fb2,1.45259,1.67621
189,fb0,0.711452,1.78638
189,fb1,2.08703,1.277
189,fb2,1.45259,1.67622
190,fb0,0.711428,1.78639
190,fb1,2.08704,1.27698
190,fb2,1.45259,1.67622
191,fb0,0.711404,1.7864
191,fb1,2.08705,1.27697
191,fb2,1.4526,1.67623
192,fb0,0.711381,1.7864
192,fb1,2.08705,1.27696
192,fb2,1.4526,1.67624
193,fb0,0.711359,1.78641
193,fb1,2.08706,1.27695
193,fb2,1.4526,1.67624
194,fb0,0.711337,1.78641
194,fb1,2.08707,1.27694
194,fb2,1.4526,1.67625
195,fb0,0.711317,1.78642
195,fb1,2.08708,1.27694
195,fb2,1.4526,1.67625
196,fb0,0.711297,1.78643
196,fb1,2.08709,1.27693
196,fb2,1.45261,1.67626
197,fb0,0.711278,1.78643
197,fb1,2.08709,1.27692
197,fb2,1.45261,1.67626
198,fb0,0.71126,1.78644
198,fb1,2.0871,1.27691
198,fb2,1.45261,1.67627
199,fb0,0.711243,1.78644
199,fb1,2.08711,1.2769
199,fb2,1.45261,1.67627
200,fb0,0.711226,1.78645
200,fb1,2.08711,1.27689
200,fb2,1.45261,1.67628
201,fb0,0.71121,1.78645
201,fb1,2.08712,1.27689
201,fb2,1.45261,1.67628
202,fb0,0.711194,1.78646
202,fb1,2.08713,1.27688
202,fb2,1.45262,1.67628
203,fb0,0.711179,1.78646
203,fb1,2.08713,1.27687
203,fb2,1.45262,1.67629
204,fb0,0.711164,1.78646
204,fb1,2.08714,1.27687
204,fb2,1.45262,1.67629
205,fb0,0.711151,1.78647
205,fb1,2.08714,1.27686
205,fb2,1.45262,1.6763
206,fb0,0.711137,1.78647
206,fb1,2.08715,1.27686
206,fb2,1.45262,1.6763
207,fb0,0.711124,1.78648
207,fb1,2.08715,1.27685
207,fb2,1.45262,1.6763
208,fb0,0.711112,1.78648
208,fb1,2.08716,1.27684
208,fb2,1.45262,1.67631
209,fb0,0.7111,1.78648
209,fb1,2.08716,1.27684
209,fb2,1.45263,1.67631
210,fb0,0.711088,1.78649
210,fb1,2.08717,1.27683
210,fb2,1.45263,1.67631
211,fb0,0.711077,1.78649
211,fb1,2.08717,1.27683
211,fb2,1.45263,1.67631
212,fb0,0.711067,1.78649
212,fb1,2.08718,1.27682
212,fb2,1.45263,1.67632
213,fb0,0.711056,1.78649
213,fb1,2.08718,1.27682
213,fb2,1.45263,1.67632
214,fb0,0.711047,1.7865
214,fb1,2.08718,1.27681
214,fb2,1.45263,1.67632
215,fb0,0.711037,1.7865
215,fb1,2.08719,1.27681
215,fb2,1.45263,1.67633
216,fb0,0.711028,1.7865
216,fb1,2.08719,1.27681
216,fb2,1.45263,1.67633
217,fb0,0.711019,1.78651
217,fb1,2.08719,1.2768
217,fb2,1.45263,1.67633
218,fb0,0.711011,1.78651
218,fb1,2.0872,1.2768
218,fb2,1.45263,1.67633
219,fb0,0.711003,1.78651
219,fb1,2.0872,1.2768
219,fb2,1.45264,1.67633
220,fb0,0.710995,1.78651
220,fb1,2.0872,1.27679
220,fb2,1.45264,1.67634
221,fb0,0.710987,1.78651
221,fb1,2.08721,1.27679
221,fb2,1.45264,1.67634
222,fb0,0.71098,1.78652
222,fb1,2.08721,1.27678
222,fb2,1.45264,1.67634
223,fb0,0.710973,1.78652
223,fb1,2.08721,1.27678
223,fb2,1.45264,1.67634
224,fb0,0.710966,1.78652
224,fb1,2.08722,1.27678
224,fb2,1.45264,1.67634
225,fb0,0.71096,1.78652
225,fb1,2.08722,1.27678
225,fb2,1.45264,1.67634
226,fb0,0.710954,1.78652
226,fb1,2.08722,1.27677
226,fb2,1.45264,1.67635
227,fb0,0.710948,1.78653
227,fb1,2.08722,1.27677
227,fb2,1.45264,1.67635
228,fb0,0.710942,1.78653
228,fb1,2.08723,1.27677
228,fb2,1.45264,1.67635
229,fb0,0.710936,1.78653
229,fb1,2.08723,1.27677
229,fb2,1.45264,1.67635
230,fb0,0.710931,1.78653
230,fb1,2.08723,1.27676
230,fb2,1.45264,1.67635
231,fb0,0.710926,1.78653
231,fb1,2.08723,1.27676
231,fb2,1.45264,1.67635
232,fb0,0.710921,1.78653
232,fb1,2.08723,1.27676
232,fb2,1.45264,1.67635
233,fb0,0.710916,1.78654
233,fb1,2.08724,1.27676
233,fb2,1.45264,1.67636
234,fb0,0.710912,1.78654
234,fb1,2.08724,1.27675
234,fb2,1.45264,1.67636
235,fb0,0.710907,1.78654
235,fb1,2.08724,1.27675
235,fb2,1.45265,1.67636
236,fb0,0.710903,1.78654
236,fb1,2.08724,1.27675
236,fb2,1.45265,1.67636
237,fb0,0.710899,1.78654
237,fb1,2.08724,1.27675
237,fb2,1.45265,1.67636
238,fb0,0.710895,1.78654
238,fb1,2.08724,1.27675
238,fb2,1.45265,1.67636
239,fb0,0.710891,1.78654
239,fb1,2.08725,1.27675
239,fb2,1.45265,1.67636
240,fb0,0.710888,1.78654
240,fb1,2.08725,1.27674
240,fb2,1.45265,1.67636
241,fb0,0.710884,1.78654
241,fb1,2.08725,1.27674
241,fb2,1.45265,1.67636
242,fb0,0.710881,1.78655
242,fb1,2.08725,1.27674
242,fb2,1.45265,1.67637
243,fb0,0.710877,1.78655
243,fb1,2.08725,1.27674
243,fb2,1.45265,1.67637
244,fb0,0.710874,1.78655
244,fb1,2.08725,1.27674
244,fb2,1.45265,1.67637
245,fb0,0.710871,1.78655
245,fb1,2.08725,1.27674
245,fb2,1.45265,1.67637
246,fb0,0.710868,1.78655
246,fb1,2.08725,1.27673
246,fb2,1.45265,1.67637
247,fb0,0.710866,1.78655
247,fb1,2.08726,1.27673
247,fb2,1.45265,1.67637
248,fb0,0.710863,1.78655
248,fb1,2.08726,1.27673
248,fb2,1.45265,1.67637
249,fb0,0.71086,1.78655
249,fb1,2.08726,1.27673
249,fb2,1.45265,1.67637
250,fb0,0.710858,1.78655
250,fb1,2.08726,1.27673
250,fb2,1.45265,1.67637
251,fb0,0.710856,1.78655
251,fb1,2.08726,1.27673
251,fb2,1.45265,1.67637
252,fb0,0.710853,1.78655
252,fb1,2.08726,1.27673
252,fb2,1.45265,1.67637
253,fb0,0.710851,1.78655
253,fb1,2.08726,1.27673
253,fb2,1.45265,1.67637
254,fb0,0.710849,1.78655
254,fb1,2.08726,1.27673
254,fb2,1.45265,1.67637
255,fb0,0.710847,1.78655
255,fb1,2.08726,1.27673
255,fb2,1.45265,1.67637
256,fb0,0.710845,1.78656
256,fb1,2.08726,1.27672
256,fb2,1.45265,1.67637
257,fb0,0.710843,1.78656
257,fb1,2.08726,1.27672
257,fb2,1.45265,1.67637
258,fb0,0.710841,1.78656
258,fb1,2.08726,1.27672
258,fb2,1.45265,1.67638
259,fb0,0.710839,1.78656
259,fb1,2.08727,1.27672
259,fb2,1.45265,1.67638
260,fb0,0.710838,1.78656
260,fb1,2.08727,1.27672
260,fb2,1.45265,1.67638
261,fb0,0.710836,1.78656
261,fb1,2.08727,1.27672
261,fb2,1.45265,1.67638
262,fb0,0.710835,1.78656
262,fb1,2.08727,1.27672
262,fb2,1.45265,1.67638
263,fb0,0.710833,1.78656
263,fb1,2.08727,1.27672
263,fb2,1.45265,1.67638
264,fb0,0.710832,1.78656
264,fb1,2.08727,1.27672
264,fb2,1.45265,1.67638
265,fb0,0.71083,1.78656
265,fb1,2.08727,1.27672
265,fb2,1.45265,1.67638
266,fb0,0.710829,1.78656
266,fb1,2.08727,1.27672
266,fb2,1.45265,1.67638
267,fb0,0.710828,1.78656
267,fb1,2.08727,1.27672
267,fb2,1.45265,1.67638
268,fb0,0.710826,1.78656
268,fb1,2.08727,1.27672
268,fb2,1.45265,1.67638
269,fb0,0.710825,1.78656
269,fb1,2.08727,1.27672
269,fb2,1.45265,1.67638
270,fb0,0.710824,1.78656
270,fb1,2.08727,1.27671
270,fb2,1.45265,1.67638
271,fb0,0.710823,1.78656
271,fb1,2.08727,1.27671
271,fb2,1.45265,1.67638
272,fb0,0.710822,1.78656
272,fb1,2.08727,1.27671
272,fb2,1.45265,1.67638
273,fb0,0.710821,1.78656
273,fb1,2.08727,1.27671
273,fb2,1.45265,1.67638
274,fb0,0.71082,1.78656
274,fb1,2.08727,1.27671
274,fb2,1.45265,1.67638
275,fb0,0.710819,1.78656
275,fb1,2.08727,1.27671
275,fb2,1.45265,1.67638
276,fb0,0.710818,1.78656
276,fb1,2.08727,1.27671
276,fb2,1.45265,1.67638
277,fb0,0.710817,1.78656
277,fb1,2.08727,1.27671
277,fb2,1.45265,1.67638
278,fb0,0.710816,1.78656
278,fb1,2.08727,1.27671
278,fb2,1.45265,1.67638
279,fb0,0.710815,1.78656
279,fb1,2.08728,1.27671
279,fb2,1.45265,1.67638
280,fb0,0.710815,1.78656
280,fb1,2.08728,1.27671
280,fb2,1.45265,1.67638
281,fb0,0.710814,1.78656
281,fb1,2.08728,1.27671
281,fb2,1.45265,1.67638
282,fb0,0.710813,1.78656
282,fb1,2.08728,1.27671
282,fb2,1.45265,1.67638
283,fb0,0.710812,1.78656
283,fb1,2.08728,1.27671
283,fb2,1.45265,1.67638
284,fb0,0.710812,1.78657
284,fb1,2.08728,1.27671
284,fb2,1.45265,1.67638
285,fb0,0.710811,1.78657
285,fb1,2.08728,1.27671
285,fb2,1.45265,1.67638
286,fb0,0.71081,1.78657
286,fb1,2.08728,1.27671
286,fb2,1.45266,1.67638
287,fb0,0.71081,1.78657
287,fb1,2.08728,1.27671
287,fb2,1.45266,1.67638
288,fb0,0.710809,1.78657
288,fb1,2.08728,1.27671
288,fb2,1.45266,1.67638
289,fb0,0.710809,1.78657
289,fb1,2.08728,1.27671
289,fb2,1.45266,1.67638
290,fb0,0.710808,1.78657
290,fb1,2.08728,1.27671
290,fb2,1.45266,1.67638
291,fb0,0.710808,1.78657
291,fb1,2.08728,1.27671
291,fb2,1.45266,1.67638
292,fb0,0.710807,1.78657
292,fb1,2.08728,1.27671
292,fb2,1.45266,1.67638
293,fb0,0.710807,1.78657
293,fb1,2.08728,1.27671
293,fb2,1.45266,1.67638
294,fb0,0.710806,1.78657
294,fb1,2.08728,1.27671
294,fb2,1.45266,1.67638
295,fb0,0.710806,1.78657
295,fb1,2.08728,1.27671
295,fb2,1.45266,1.67638
296,fb0,0.710805,1.78657
296,fb1,2.08728,1.27671
296,fb2,1.45266,1.67638
297,fb0,0.710805,1.78657
297,fb1,2.08728,1.27671
297,fb2,1.45266,1.67638
298,fb0,0.710804,1.78657
298,fb1,2.08728,1.27671
298,fb2,1.45266,1.67638
299,fb0,0.710804,1.78657
299,fb1,2.08728,1.27671
299,fb2,1.45266,1.67638
300,fb0,0.710804,1.78657
300,fb1,2.08728,1.27671
300,fb2,1.45266,1.67638
301,fb0,0.710803,1.78657
301,fb1,2.08728,1.27671
301,fb2,1.45266,1.67638
302,fb0,0.710803,1.78657
302,fb1,2.08728,1.27671
302,fb2,1.45266,1.67638
303,fb0,0.710803,1.78657
303,fb1,2.08728,1.27671
303,fb2,1.45266,1.67639
304,fb0,0.710802,1.78657
304,fb1,2.08728,1.27671
304,fb2,1.45266,1.67639
305,fb0,0.710802,1.78657
305,fb1,2.08728,1.2767
305,fb2,1.45266,1.67639
306,fb0,0.710802,1.78657
306,fb1,2.08728,1.2767
306,fb2,1.45266,1.67639
307,fb0,0.710802,1.78657
307,fb1,2.08728,1.2767
307,fb2,1.45266,1.67639
308,fb0,0.710801,1.78657
308,fb1,2.08728,1.2767
308,fb2,1.45266,1.67639
309,fb0,0.710801,1.78657
309,fb1,2.08728,1.2767
309,fb2,1.45266,1.67639
310,fb0,0.710801,1.78657
310,fb1,2.08728,1.2767
310,fb2,1.45266,1.67639
311,fb0,0.7108,1.78657
311,fb1,2.08728,1.2767
311,fb2,1.45266,1.67639
312,fb0,0.7108,1.78657
312,fb1,2.08728,1.2767
312,fb2,1.45266,1.67639
313,fb0,0.7108,1.78657
313,fb1,2.08728,1.2767
313,fb2,1.45266,1.67639
314,fb0,0.7108,1.78657
314,fb1,2.08728,1.2767
314,fb2,1.45266,1.67639
315,fb0,0.7108,1.78657
315,fb1,2.08728,1.2767
315,fb2,1.45266,1.67639
316,fb0,0.710799,1.78657
316,fb1,2.08728,1.2767
316,fb2,1.45266,1.67639
317,fb0,0.710799,1.78657
317,fb1,2.08728,1.2767
317,fb2,1.45266,1.67639
318,fb0,0.710799,1.78657
318,fb1,2.08728,1.2767
318,fb2,1.45266,1.67639
319,fb0,0.710799,1.78657
319,fb1,2.08728,1.2767
319,fb2,1.45266,1.67639
320,fb0,0.710799,1.78657
320,fb1,2.08728,1.2767
320,fb2,1.45266,1.67639
321,fb0,0.710799,1.78657
321,fb1,2.08728,1.2767
321,fb2,1.45266,1.67639
322,fb0,0.710798,1.78657
322,fb1,2.08728,1.2767
322,fb2,1.45266,1.67639
323,fb0,0.710798,1.78657
323,fb1,2.08728,1.2767
323,fb2,1.45266,1.67639
324,fb0,0.710798,1.78657
324,fb1,2.08728,1.2767
324,fb2,1.45266,1.67639
325,fb0,0.710798,1.78657
325,fb1,2.08728,1.2767
325,fb2,1.45266,1.67639
326,fb0,0.710798,1.78657
326,fb1,2.08728,1.2767
326,fb2,1.45266,1.67639
327,fb0,0.710798,1.78657
327,fb1,2.08728,1.2767
327,fb2,1.45266,1.67639
328,fb0,0.710798,1.78657
328,fb1,2.08728,1.2767
328,fb2,1.45266,1.67639
329,fb0,0.710797,1.78657
329,fb1,2.08728,1.2767
329,fb2,1.45266,1.67639
330,fb0,0.710797,1.78657
330,fb1,2.08728,1.2767
330,fb2,1.45266,1.67639
331,fb0,0.710797,1.78657
331,fb1,2.08728,1.2767
331,fb2,1.45266,1.67639
332,fb0,0.710797,1.78657
332,fb1,2.08728,1.2767
332,fb2,1.45266,1.67639
333,fb0,0.710797,1.78657
333,fb1,2.08728,1.2767
333,fb2,1.45266,1.67639
334,fb0,0.710797,1.78657
334,fb1,2.08728,1.2767
334,fb2,1.45266,1.67639
335,fb0,0.710797,1.78657
335,fb1,2.08728,1.2767
335,fb2,1.45266,1.67639
336,fb0,0.710797,1.78657
336,fb1,2.08728,1.2767
336,fb2,1.45266,1.67639
337,fb0,0.710797,1.78657
337,fb1,2.08728,1.2767
337,fb2,1.45266,1.67639
338,fb0,0.710796,1.78657
338,fb1,2.08728,1.2767
338,fb2,1.45266,1.67639
339,fb0,0.710796,1.78657
339,fb1,2.08728,1.2767
339,fb2,1.45266,1.67639
340,fb0,0.710796,1.78657
340,fb1,2.08728,1.2767
340,fb2,1.45266,1.67639
341,fb0,0.710796,1.78657
341,fb1,2.08728,1.2767
341,fb2,1.45266,1.67639
342,fb0,0.710796,1.78657
342,fb1,2.08728,1.2767
342,fb2,1.45266,1.67639
343,fb0,0.710796,1.78657
343,fb1,2.08728,1.2767
343,fb2,1.45266,1.67639
344,fb0,0.710796,1.78657
344,fb1,2.08728,1.2767
344,fb2,1.45266,1.67639
345,fb0,0.710796,1.78657
345,fb1,2.08728,1.2767
345,fb2,1.45266,1.67639
346,fb0,0.710796,1.78657
346,fb1,2.08728,1.2767
346,fb2,1.45266,1.67639
347,fb0,0.710796,1.78657
347,fb1,2.08728,1.2767
347,fb2,1.45266,1.67639
348,fb0,0.710796,1.78657
348,fb1,2.08728,1.2767
348,fb2,1.45266,1.67639
349,fb0,0.710796,1.78657
349,fb1,2.08728,1.2767
349,fb2,1.45266,1.67639
350,fb0,0.710796,1.78657
350,fb1,2.08728,1.2767
350,fb2,1.45266,1.67639
351,fb0,0.710796,1.78657
351,fb1,2.08728,1.2767
351,fb2,1.45266,1.67639
352,fb0,0.710796,1.78657
352,fb1,2.08728,1.2767
352,fb2,1.45266,1.67639
353,fb0,0.710796,1.78657
353,fb1,2.08728,1.2767
353,fb2,1.45266,1.67639
354,fb0,0.710795,1.78657
354,fb1,2.08728,1.2767
354,fb2,1.45266,1.67639
355,fb0,0.710795,1.78657
355,fb1,2.08728,1.2767
355,fb2,1.45266,1.67639
356,fb0,0.710795,1.78657
356,fb1,2.08728,1.2767
356,fb2,1.45266,1.67639
357,fb0,0.710795,1.78657
357,fb1,2.08728,1.2767
357,fb2,1.45266,1.67639
358,fb0,0.710795,1.78657
358,fb1,2.08728,1.2767
358,fb2,1.45266,1.67639
359,fb0,0.710795,1.78657
359,fb1,2.08728,1.2767
359,fb2,1.45266,1.67639
360,fb0,0.710795,1.78657
360,fb1,2.08728,1.2767
360,fb2,1.45266,1.67639
361,fb0,0.710795,1.78657
361,fb1,2.08728,1.2767
361,fb2,1.45266,1.67639
362,fb0,0.710795,1.78657
362,fb1,2.08728,1.2767
362,fb2,1.45266,1.67639
363,fb0,0.710795,1.78657
363,fb1,2.08728,1.2767
363,fb2,1.45266,1.67639
364,fb0,0.710795,1.78657
364,fb1,2.08728,1.2767
364,fb2,1.45266,1.67639
365,fb0,0.710795,1.78657
365,fb1,2.08728,1.2767
365,fb2,1.45266,1.67639
366,fb0,0.710795,1.78657
366,fb1,2.08728,1.2767
366,fb2,1.45266,1.67639
367,fb0,0.710795,1.78657
367,fb1,2.08728,1.2767
367,fb2,1.45266,1.67639
368,fb0,0.710795,1.78657
368,fb1,2.08728,1.2767
368,fb2,1.45266,1.67639
369,fb0,0.710795,1.78657
369,fb1,2.08728,1.2767
369,fb2,1.45266,1.67639
370,fb0,0.710795,1.78657
370,fb1,2.08728,1.2767
370,fb2,1.45266,1.67639
371,fb0,0.710795,1.78657
371,fb1,2.08728,1.2767
371,fb2,1.45266,1.67639
372,fb0,0.710795,1.78657
372,fb1,2.08728,1.2767
372,fb2,1.45266,1.67639
373,fb0,0.710795,1.78657
373,fb1,2.08728,1.2767
373,fb2,1.45266,1.67639
374,fb0,0.710795,1.78657
374,fb1,2.08728,1.2767
374,fb2,1.45266,1.67639
375,fb0,0.710795,1.78657
375,fb1,2.08728,1.2767
375,fb2,1.45266,1.67639
376,fb0,0.710795,1.78657
376,fb1,2.08728,1.2767
376,fb2,1.45266,1.67639
377,fb0,0.710795,1.78657
377,fb1,2.08728,1.2767
377,fb2,1.45266,1.67639
378,fb0,0.710795,1.78657
378,fb1,2.08728,1.2767
378,fb2,1.45266,1.67639
379,fb0,0.710795,1.78657
379,fb1,2.08728,1.2767
379,fb2,1.45266,1.67639
380,fb0,0.710795,1.78657
380,fb1,2.08728,1.2767
380,fb2,1.45266,1.67639
381,fb0,0.710795,1.78657
381,fb1,2.08728,1.2767
381,fb2,1.45266,1.67639
382,fb0,0.710795,1.78657
382,fb1,2.08728,1.2767
382,fb2,1.45266,1.67639
383,fb0,0.710795,1.78657
383,fb1,2.08728,1.2767
383,fb2,1.45266,1.67639
384,fb0,0.710795,1.78657
384,fb1,2.08728,1.2767
384,fb2,1.45266,1.67639
385,fb0,0.710795,1.78657
385,fb1,2.08728,1.2767
385,fb2,1.45266,1.67639
386,fb0,0.710795,1.78657
386,fb1,2.08728,1.2767
386,fb2,1.45266,1.67639
387,fb0,0.710795,1.78657
387,fb1,2.08728,1.2767
387,fb2,1.45266,1.67639
388,fb0,0.710795,1.78657
388,fb1,2.08728,1.2767
388,fb2,1.45266,1.67639
389,fb0,0.710795,1.78657
389,fb1,2.08728,1.2767
389,fb2,1.45266,1.67639
390,fb0,0.710795,1.78657
390,fb1,2.08728,1.2767
390,fb2,1.45266,1.67639
391,fb0,0.710795,1.78657
391,fb1,2.08728,1.2767
391,fb2,1.45266,1.67639
392,fb0,0.710795,1.78657
392,fb1,2.08728,1.2767
392,fb2,1.45266,1.67639
393,fb0,0.710795,1.78657
393,fb1,2.08728,1.2767
393,fb2,1.45266,1.67639
394,fb0,0.710795,1.78657
394,fb1,2.08728,1.2767
394,fb2,1.45266,1.67639
395,fb0,0.710795,1.78657
395,fb1,2.08728,1.2767
395,fb2,1.45266,1.67639
396,fb0,0.710795,1.78657
396,fb1,2.08728,1.2767
396,fb2,1.45266,1.67639
397,fb0,0.710795,1.78657
397,fb1,2.08728,1.2767
397,fb2,1.45266,1.67639
398,fb0,0.710795,1.78657
398,fb1,2.08728,1.2767
398,fb2,1.45266,1.67639
399,fb0,0.710795,1.78657
399,fb1,2.08728,1.2767
399,fb2,1.45266,1.67639
400,fb0,0.710794,1.78657
400,fb1,2.08728,1.2767
400,fb2,1.45266,1.67639
401,fb0,0.710794,1.78657
401,fb1,2.08728,1.2767
401,fb2,1.45266,1.67639
402,fb0,0.710794,1.78657
402,fb1,2.08728,1.2767
402,fb2,1.45266,1.67639
403,fb0,0.710794,1.78657
403,fb1,2.08728,1.2767
403,fb2,1.45266,1.67639
404,fb0,0.710794,1.78657
404,fb1,2.08728,1.2767
404,fb2,1.45266,1.67639
405,fb0,0.710794,1.78657
405,fb1,2.08728,1.2767
405,fb2,1.45266,1.67639
406,fb0,0.710794,1.78657
406,fb1,2.08728,1.2767
406,fb2,1.45266,1.67639
407,fb0,0.710794,1.78657
407,fb1,2.08728,1.2767
407,fb2,1.45266,1.67639
408,fb0,0.710794,1.78657
408,fb1,2.08728,1.2767
408,fb2,1.45266,1.67639
409,fb0,0.710794,1.78657
409,fb1,2.08728,1.2767
409,fb2,1.45266,1.67639
410,fb0,0.710794,1.78657
410,fb1,2.08728,1.2767
410,fb2,1.45266,1.67639
411,fb0,0.710794,1.78657
411,fb1,2.08728,1.2767
411,fb2,1.45266,1.67639
412,fb0,0.710794,1.78657
412,fb1,2.08728,1.2767
412,fb2,1.45266,1.67639
413,fb0,0.710794,1.78657
413,fb1,2.08728,1.2767
413,fb2,1.45266,1.67639
414,fb0,0.710794,1.78657
414,fb1,2.08728,1.2767
414,fb2,1.45266,1.67639
415,fb0,0.710794,1.78657
415,fb1,2.08728,1.2767
415,fb2,1.45266,1.67639
416,fb0,0.710794,1.78657
416,fb1,2.08728,1.2767
416,fb2,1.45266,1.67639
417,fb0,0.710794,1.78657
417,fb1,2.08728,1.2767
417,fb2,1.45266,1.67639
418,fb0,0.710794,1.78657
418,fb1,2.08728,1.2767
418,fb2,1.45266,1.67639
419,fb0,0.710794,1.78657
419,fb1,2.08728,1.2767
419,fb2,1.45266,1.67639
420,fb0,0.710794,1.78657
420,fb1,2.08728,1.2767
420,fb2,1.45266,1.67639
421,fb0,0.710794,1.78657
421,fb1,2.08728,1.2767
421,fb2,1.45266,1.67639
422,fb0,0.710794,1.78657
422,fb1,2.08728,1.2767
422,fb2,1.45266,1.67639
423,fb0,0.710794,1.78657
423,fb1,2.08728,1.2767
423,fb2,1.45266,1.67639
424,fb0,0.710794,1.78657
424,fb1,2.08728,1.2767
424,fb2,1.45266,1.67639
425,fb0,0.710794,1.78657
425,fb1,2.08728,1.2767
425,fb2,1.45266,1.67639
426,fb0,0.710794,1.78657
426,fb1,2.08728,1.2767
426,fb2,1.45266,1.67639
427,fb0,0.710794,1.78657
427,fb1,2.08728,1.2767
427,fb2,1.45266,1.67639
428,fb0,0.710794,1.78657
428,fb1,2.08728,1.2767
428,fb2,1.45266,1.67639
429,fb0,0.710794,1.78657
429,fb1,2.08728,1.2767
429,fb2,1.45266,1.67639
430,fb0,0.710794,1.78657
430,fb1,2.08728,1.2767
430,fb2,1.45266,1.67639
431,fb0,0.710794,1.78657
431,fb1,2.08728,1.2767
431,fb2,1.45266,1.67639
432,fb0,0.710794,1.78657
432,fb1,2.08728,1.2767
432,fb2,1.45266,1.67639
433,fb0,0.710794,1.78657
433,fb1,2.08728,1.2767
433,fb2,1.45266,1.67639
434,fb0,0.710794,1.78657
434,fb1,2.08728,1.2767
434,fb2,1.45266,1.67639
435,fb0,0.710794,1.78657
435,fb1,2.08728,1.2767
435,fb2,1.45266,1.67639
436,fb0,0.710794,1.78657
436,fb1,2.08728,1.2767
436,fb2,1.45266,1.67639
437,fb0,0.710794,1.78657
437,fb1,2.08728,1.2767
437,fb2,1.45266,1.67639
438,fb0,0.710794,1.78657
438,fb1,2.08728,1.2767
438,fb2,1.45266,1.67639
439,fb0,0.710794,1.78657
439,fb1,2.08728,1.2767
439,fb2,1.45266,1.67639
440,fb0,0.710794,1.78657
440,fb1,2.08728,1.2767
440,fb2,1.45266,1.67639
441,fb0,0.710794,1.78657
441,fb1,2.08728,1.2767
441,fb2,1.45266,1.67639
442,fb0,0.710794,1.78657
442,fb1,2.08728,1.2767
442,fb2,1.45266,1.67639
443,fb0,0.710794,1.78657
443,fb1,2.08728,1.2767
443,fb2,1.45266,1.67639
444,fb0,0.710794,1.78657
444,fb1,2.08728,1.2767
444,fb2,1.45266,1.67639
445,fb0,0.710794,1.78657
445,fb1,2.08728,1.2767
445,fb2,1.45266,1.67639
446,fb0,0.710794,1.78657
446,fb1,2.08728,1.2767
446,fb2,1.45266,1.67639
447,fb0,0.710794,1.78657
447,fb1,2.08728,1.2767
447,fb2,1.45266,1.67639
448,fb0,0.710794,1.78657
448,fb1,2.08728,1.2767
448,fb2,1.45266,1.67639
449,fb0,0.710794,1.78657
449,fb1,2.08728,1.2767
449,fb2,1.45266,1.67639
450,fb0,0.710794,1.78657
450,fb1,2.08728,1.2767
450,fb2,1.45266,1.67639
451,fb0,0.710794,1.78657
451,fb1,2.08728,1.2767
451,fb2,1.45266,1.67639
452,fb0,0.710794,1.78657
452,fb1,2.08728,1.2767
452,fb2,1.45266,1.67639
453,fb0,0.710794,1.78657
453,fb1,2.08728,1.2767
453,fb2,1.45266,1.67639
454,fb0,0.710794,1.78657
454,fb1,2.08728,1.2767
454,fb2,1.45266,1.67639
455,fb0,0.710794,1.78657
455,fb1,2.08728,1.2767
455,fb2,1.45266,1.67639
456,fb0,0.710794,1.78657
456,fb1,2.08728,1.2767
456,fb2,1.45266,1.67639
457,fb0,0.710794,1.78657
457,fb1,2.08728,1.2767
457,fb2,1.45266,1.67639
458,fb0,0.710794,1.78657
458,fb1,2.08728,1.2767
458,fb2,1.45266,1.67639
459,fb0,0.710794,1.78657
459,fb1,2.08728,1.2767
459,fb2,1.45266,1.67639
460,fb0,0.710794,1.78657
460,fb1,2.08728,1.2767
460,fb2,1.45266,1.67639
461,fb0,0.710794,1.78657
461,fb1,2.08728,1.2767
461,fb2,1.45266,1.67639
462,fb0,0.710794,1.78657
462,fb1,2.08728,1.2767
462,fb2,1.45266,1.67639
463,fb0,0.710794,1.78657
463,fb1,2.08728,1.2767
463,fb2,1.45266,1.67639
464,fb0,0.710794,1.78657
464,fb1,2.08728,1.2767
464,fb2,1.45266,1.67639
465,fb0,0.710794,1.78657
465,fb1,2.08728,1.2767
465,fb2,1.45266,1.67639
466,fb0,0.710794,1.78657
466,fb1,2.08728,1.2767
466,fb2,1.45266,1.67639
467,fb0,0.710794,1.78657
467,fb1,2.08728,1.2767
467,fb2,1.45266,1.67639
468,fb0,0.710794,1.78657
468,fb1,2.08728,1.2767
468,fb2,1.45266,1.67639
469,fb0,0.710794,1.78657
469,fb1,2.08728,1.2767
469,fb2,1.45266,1.67639
470,fb0,0.710794,1.78657
470,fb1,2.08728,1.2767
470,fb2,1.45266,1.67639
471,fb0,0.710794,1.78657
471,fb1,2.08728,1.2767
471,fb2,1.45266,1.67639
472,fb0,0.710794,1.78657
472,fb1,2.08728,1.2767
472,fb2,1.45266,1.67639
473,fb0,0.710794,1.78657
473,fb1,2.08728,1.2767
473,fb2,1.45266,1.67639
474,fb0,0.710794,1.78657
474,fb1,2.08728,1.2767
474,fb2,1.45266,1.67639
475,fb0,0.710794,1.78657
475,fb1,2.08728,1.2767
475,fb2,1.45266,1.67639
476,fb0,0.710794,1.78657
476,fb1,2.08728,1.2767
476,fb2,1.45266,1.67639
477,fb0,0.710794,1.78657
477,fb1,2.08728,1.2767
477,fb2,1.45266,1.67639
478,fb0,0.710794,1.78657
478,fb1,2.08728,1.2767
478,fb2,1.45266,1.67639
479,fb0,0.710794,1.78657
479,fb1,2.08728,1.2767
479,fb2,1.45266,1.67639
480,fb0,0.710794,1.78657
480,fb1,2.08728,1.2767
480,fb2,1.45266,1.67639
481,fb0,0.710794,1.78657
481,fb1,2.08728,1.2767
481,fb2,1.45266,1.67639
482,fb0,0.710794,1.78657
482,fb1,2.08728,1.2767
482,fb2,1.45266,1.67639
483,fb0,0.710794,1.78657
483,fb1,2.08728,1.2767
483,fb2,1.45266,1.67639
484,fb0,0.710794,1.78657
484,fb1,2.08728,1.2767
484,fb2,1.45266,1.67639
485,fb0,0.710794,1.78657
485,fb1,2.08728,1.2767
485,fb2,1.45266,1.67639
486,fb0,0.710794,1.78657
486,fb1,2.08728,1.2767
486,fb2,1.45266,1.67639
487,fb0,0.710794,1.78657
487,fb1,2.08728,1.2767
487,fb2,1.45266,1.67639
488,fb0,0.710794,1.78657
488,fb1,2.08728,1.2767
488,fb2,1.45266,1.67639
489,fb0,0.710794,1.78657
489,fb1,2.08728,1.2767
489,fb2,1.45266,1.67639
490,fb0,0.710794,1.78657
490,fb1,2.08728,1.2767
490,fb2,1.45266,1.67639
491,fb0,0.710794,1.78657
491,fb1,2.08728,1.2767
491,fb2,1.45266,1.67639
492,fb0,0.710794,1.78657
492,fb1,2.08728,1.2767
492,fb2,1.45266,1.67639
493,fb0,0.710794,1.78657
493,fb1,2.08728,1.2767
493,fb2,1.45266,1.67639
494,fb0,0.710794,1.78657
494,fb1,2.08728,1.2767
494,fb2,1.45266,1.67639
495,fb0,0.710794,1.78657
495,fb1,2.08728,1.2767
495,fb2,1.45266,1.67639
496,fb0,0.710794,1.78657
496,fb1,2.08728,1.2767
496,fb2,1.45266,1.67639
497,fb0,0.710794,1.78657
497,fb1,2.08728,1.2767
497,fb2,1.45266,1.67639
498,fb0,0.710794,1.78657
498,fb1,2.08728,1.2767
498,fb2,1.45266,1.67639
499,fb0,0.710794,1.78657
499,fb1,2.08728,1.2767
499,fb2,1.45266,1.67639
500,fb0,0.710794,1.78657
500,fb1,2.08728,1.2767
500,fb2,1.45266,1.67639
501,fb0,0.710794,1.78657
501,fb1,2.08728,1.2767
501,fb2,1.45266,1.67639
502,fb0,0.710794,1.78657
502,fb1,2.08728,1.2767
502,fb2,1.45266,1.67639
503,fb0,0.710794,1.78657
503,fb1,2.08728,1.2767
503,fb2,1.45266,1.67639
504,fb0,0.710794,1.78657
504,fb1,2.08728,1.2767
504,fb2,1.45266,1.67639
505,fb0,0.710794,1.78657
505,fb1,2.08728,1.2767
505,fb2,1.45266,1.67639
506,fb0,0.710794,1.78657
506,fb1,2.08728,1.2767
506,fb2,1.45266,1.67639
507,fb0,0.710794,1.78657
507,fb1,2.08728,1.2767
507,fb2,1.45266,1.67639
508,fb0,0.710794,1.78657
508,fb1,2.08728,1.2767
508,fb2,1.45266,1.67639
509,fb0,0.710794,1.78657
509,fb1,2.08728,1.2767
509,fb2,1.45266,1.67639
510,fb0,0.710794,1.78657
510,fb1,2.08728,1.2767
510,fb2,1.45266,1.67639
511,fb0,0.710794,1.78657
511,fb1,2.08728,1.2767
511,fb2,1.45266,1.67639
512,fb0,0.710794,1.78657
512,fb1,2.08728,1.2767
512,fb2,1.45266,1.67639
513,fb0,0.710794,1.78657
513,fb1,2.08728,1.2767
513,fb2,1.45266,1.67639
514,fb0,0.710794,1.78657
514,fb1,2.08728,1.2767
514,fb2,1.45266,1.67639
515,fb0,0.710794,1.78657
515,fb1,2.08728,1.2767
515,fb2,1.45266,1.67639
516,fb0,0.710794,1.78657
516,fb1,2.08728,1.2767
516,fb2,1.45266,1.67639
517,fb0,0.710794,1.78657
517,fb1,2.08728,1.2767
517,fb2,1.45266,1.67639
518,fb0,0.710794,1.78657
518,fb1,2.08728,1.2767
518,fb2,1.45266,1.67639
519,fb0,0.710794,1.78657
519,fb1,2.08728,1.2767
519,fb2,1.45266,1.67639
520,fb0,0.710794,1.78657
520,fb1,2.08728,1.2767
520,fb2,1.45266,1.67639
521,fb0,0.710794,1.78657
521,fb1,2.08728,1.2767
521,fb2,1.45266,1.67639
522,fb0,0.710794,1.78657
522,fb1,2.08728,1.2767
522,fb2,1.45266,1.67639
523,fb0,0.710794,1.78657
523,fb1,2.08728,1.2767
523,fb2,1.45266,1.67639
524,fb0,0.710794,1.78657
524,fb1,2.08728,1.2767
524,fb2,1.45266,1.67639
525,fb0,0.710794,1.78657
525,fb1,2.08728,1.2767
525,fb2,1.45266,1.67639
526,fb0,0.710794,1.78657
526,fb1,2.08728,1.2767
526,fb2,1.45266,1.67639
527,fb0,0.710794,1.78657
527,fb1,2.08728,1.2767
527,fb2,1.45266,1.67639
528,fb0,0.710794,1.78657
528,fb1,2.08728,1.2767
528,fb2,1.45266,1.67639
529,fb0,0.710794,1.78657
529,fb1,2.08728,1.2767
529,fb2,1.45266,1.67639
530,fb0,0.710794,1.78657
530,fb1,2.08728,1.2767
530,fb2,1.45266,1.67639
531,fb0,0.710794,1.78657
531,fb1,2.08728,1.2767
531,fb2,1.45266,1.67639
532,fb0,0.710794,1.78657
532,fb1,2.08728,1.2767
532,fb2,1.45266,1.67639
533,fb0,0.710794,1.78657
533,fb1,2.08728,1.2767
533,fb2,1.45266,1.67639
534,fb0,0.710794,1.78657
534,fb1,2.08728,1.2767
534,fb2,1.45266,1.67639
535,fb0,0.710794,1.78657
535,fb1,2.08728,1.2767
535,fb2,1.45266,1.67639
536,fb0,0.710794,1.78657
536,fb1,2.08728,1.2767
536,fb2,1.45266,1.67639
537,fb0,0.710794,1.78657
537,fb1,2.08728,1.2767
537,fb2,1.45266,1.67639
538,fb0,0.710794,1.78657
538,fb1,2.08728,1.2767
538,fb2,1.45266,1.67639
539,fb0,0.710794,1.78657
539,fb1,2.08728,1.2767
539,fb2,1.45266,1.67639
540,fb0,0.710794,1.78657
540,fb1,2.08728,1.2767
540,fb2,1.45266,1.67639
541,fb0,0.710794,1.78657
541,fb1,2.08728,1.2767
541,fb2,1.45266,1.67639
542,fb0,0.710794,1.78657
542,fb1,2.08728,1.2767
542,fb2,1.45266,1.67639
543,fb0,0.710794,1.78657
543,fb1,2.08728,1.2767
543,fb2,1.45266,1.67639
544,fb0,0.710794,1.78657
544,fb1,2.08728,1.2767
544,fb2,1.45266,1.67639
545,fb0,0.710794,1.78657
545,fb1,2.08728,1.2767
545,fb2,1.45266,1.67639
546,fb0,0.710794,1.78657
546,fb1,2.08728,1.2767
546,fb2,1.45266,1.67639
547,fb0,0.710794,1.78657
547,fb1,2.08728,1.2767
547,fb2,1.45266,1.67639
548,fb0,0.710794,1.78657
548,fb1,2.08728,1.2767
548,fb2,1.45266,1.67639
549,fb0,0.710794,1.78657
549,fb1,2.08728,1.2767
549,fb2,1.45266,1.67639
550,fb0,0.710794,1.78657
550,fb1,2.08728,1.2767
550,fb2,1.45266,1.67639
551,fb0,0.710794,1.78657
551,fb1,2.08728,1.2767
551,fb2,1.45266,1.67639
552,fb0,0.710794,1.78657
552,fb1,2.08728,1.2767
552,fb2,1.45266,1.67639
553,fb0,0.710794,1.78657
553,fb1,2.08728,1.2767
553,fb2,1.45266,1.67639
554,fb0,0.710794,1.78657
554,fb1,2.08728,1.2767
554,fb2,1.45266,1.67639
555,fb0,0.710794,1.78657
555,fb1,2.08728,1.2767
555,fb2,1.45266,1.67639
556,fb0,0.710794,1.78657
556,fb1,2.08728,1.2767
556,fb2,1.45266,1.67639
557,fb0,0.710794,1.78657
557,fb1,2.08728,1.2767
557,fb2,1.45266,1.67639
558,fb0,0.710794,1.78657
558,fb1,2.08728,1.2767
558,fb2,1.45266,1.67639
559,fb0,0.710794,1.78657
559,fb1,2.08728,1.2767
559,fb2,1.45266,1.67639
560,fb0,0.710794,1.78657
560,fb1,2.08728,1.2767
560,fb2,1.45266,1.67639
561,fb0,0.710794,1.78657
561,fb1,2.08728,1.2767
561,fb2,1.45266,1.67639
562,fb0,0.710794,1.78657
562,fb1,2.08728,1.2767
562,fb2,1.45266,1.67639
563,fb0,0.710794,1.78657
563,fb1,2.08728,1.2767
563,fb2,1.45266,1.67639
564,fb0,0.710794,1.78657
564,fb1,2.08728,1.2767
564,fb2,1.45266,1.67639
565,fb0,0.710794,1.78657
565,fb1,2.08728,1.2767
565,fb2,1.45266,1.67639
566,fb0,0.710794,1.78657
566,fb1,2.08728,1.2767
566,fb2,1.45266,1.67639
567,fb0,0.710794,1.78657
567,fb1,2.08728,1.2767
567,fb2,1.45266,1.67639
568,fb0,0.710794,1.78657
568,fb1,2.08728,1.2767
568,fb2,1.45266,1.67639
569,fb0,0.710794,1.78657
569,fb1,2.08728,1.2767
569,fb2,1.45266,1.67639
570,fb0,0.710794,1.78657
570,fb1,2.08728,1.2767
570,fb2,1.45266,1.67639
571,fb0,0.710794,1.78657
571,fb1,2.08728,1.2767
571,fb2,1.45266,1.67639
572,fb0,0.710794,1.78657
572,fb1,2.08728,1.2767
572,fb2,1.45266,1.67639
573,fb0,0.710794,1.78657
573,fb1,2.08728,1.2767
573,fb2,1.45266,1.67639
574,fb0,0.710794,1.78657
574,fb1,2.08728,1.2767
574,fb2,1.45266,1.67639
575,fb0,0.710794,1.78657
575,fb1,2.08728,1.2767
575,fb2,1.45266,1.67639
576,fb0,0.710794,1.78657
576,fb1,2.08728,1.2767
576,fb2,1.45266,1.67639
577,fb0,0.710794,1.78657
577,fb1,2.08728,1.2767
577,fb2,1.45266,1.67639
578,fb0,0.710794,1.78657
578,fb1,2.08728,1.2767
578,fb2,1.45266,1.67639
579,fb0,0.710794,1.78657
579,fb1,2.08728,1.2767
579,fb2,1.45266,1.67639
580,fb0,0.710794,1.78657
580,fb1,2.08728,1.2767
580,fb2,1.45266,1.67639
581,fb0,0.710794,1.78657
581,fb1,2.08728,1.2767
581,fb2,1.45266,1.67639
582,fb0,0.710794,1.78657
582,fb1,2.08728,1.2767
582,fb2,1.45266,1.67639
583,fb0,0.710794,1.78657
583,fb1,2.08728,1.2767
583,fb2,1.45266,1.67639
584,fb0,0.710794,1.78657
584,fb1,2.08728,1.2767
584,fb2,1.45266,1.67639
585,fb0,0.710794,1.78657
585,fb1,2.08728,1.2767
585,fb2,1.45266,1.67639
586,fb0,0.710794,1.78657
586,fb1,2.08728,1.2767
586,fb2,1.45266,1.67639
587,fb0,0.710794,1.78657
587,fb1,2.08728,1.2767
587,fb2,1.45266,1.67639
588,fb0,0.710794,1.78657
588,fb1,2.08728,1.2767
588,fb2,1.45266,1.67639
589,fb0,0.710794,1.78657
589,fb1,2.08728,1.2767
589,fb2,1.45266,1.67639
590,fb0,0.710794,1.78657
590,fb1,2.08728,1.2767
590,fb2,1.45266,1.67639
591,fb0,0.710794,1.78657
591,fb1,2.08728,1.2767
591,fb2,1.45266,1.67639
592,fb0,0.710794,1.78657
592,fb1,2.08728,1.2767
592,fb2,1.45266,1.67639
593,fb0,0.710794,1.78657
593,fb1,2.08728,1.2767
593,fb2,1.45266,1.67639
594,fb0,0.710794,1.78657
594,fb1,2.08728,1.2767
594,fb2,1.45266,1.67639
595,fb0,0.710794,1.78657
595,fb1,2.08728,1.2767
595,fb2,1.45266,1.67639
596,fb0,0.710794,1.78657
596,fb1,2.08728,1.2767
596,fb2,1.45266,1.67639
597,fb0,0.710794,1.78657
597,fb1,2.08728,1.2767
597,fb2,1.45266,1.67639
598,fb0,0.710794,1.78657
598,fb1,2.08728,1.2767
598,fb2,1.45266,1.67639
599,fb0,0.710794,1.78657
599,fb1,2.08728,1.2767
599,fb2,1.45266,1.67639
600,fb0,0.710794,1.78657
600,fb1,2.08728,1.2767
600,fb2,1.45266,1.67639
