1,fb0,1.23955,1.95142
1,fb1,1.78626,1.65684
1,fb2,1.93643,1.03872
2,fb0,1.23937,1.95541
2,fb1,1.78626,1.65684
2,fb2,1.93179,1.03654
3,fb0,1.23901,1.95968
3,fb1,1.78626,1.65684
3,fb2,1.92679,1.03391
4,fb0,1.23849,1.96376
4,fb1,1.78626,1.65684
4,fb2,1.92201,1.03106
5,fb0,1.23785,1.96764
5,fb1,1.78626,1.65684
5,fb2,1.91745,1.02804
6,fb0,1.2371,1.97132
6,fb1,1.78626,1.65684
6,fb2,1.91312,1.02489
7,fb0,1.23626,1.97481
7,fb1,1.78626,1.65684
7,fb2,1.90902,1.02164
8,fb0,1.23537,1.97811
8,fb1,1.78626,1.65684
8,fb2,1.90515,1.01831
9,fb0,1.23442,1.98123
9,fb1,1.78626,1.65684
9,fb2,1.90149,1.01495
10,fb0,1.23344,1.98418
10,fb1,1.78626,1.65684
10,fb2,1.89803,1.01157
11,fb0,1.23244,1.98697
11,fb1,1.78626,1.65684
11,fb2,1.89477,1.00818
12,fb0,1.23142,1.98961
12,fb1,1.78626,1.65684
12,fb2,1.89169,1.00481
13,fb0,1.23039,1.99211
13,fb1,1.78568,1.65461
13,fb2,1.88877,1.00147
14,fb0,1.22938,1.99445
14,fb1,1.78515,1.65222
14,fb2,1.88595,0.998098
15,fb0,1.22839,1.99662
15,fb1,1.7847,1.64994
15,fb2,1.88322,0.994687
16,fb0,1.22743,1.99864
16,fb1,1.78433,1.64777
16,fb2,1.88058,0.991249
17,fb0,1.2265,2.00052
17,fb1,1.78402,1.6457
17,fb2,1.87801,0.987794
18,fb0,1.2256,2.00227
18,fb1,1.78377,1.64371
18,fb2,1.87554,0.98433
19,fb0,1.22474,2.0039
19,fb1,1.78355,1.64179
19,fb2,1.87315,0.980865
20,fb0,1.22391,2.00542
20,fb1,1.78338,1.63992
20,fb2,1.87083,0.977406
21,fb0,1.22311,2.00684
21,fb1,1.78323,1.63811
21,fb2,1.8686,0.973959
22,fb0,1.22235,2.00816
22,fb1,1.78312,1.63634
22,fb2,1.86644,0.970528
23,fb0,1.22162,2.0094
23,fb1,1.78302,1.63461
23,fb2,1.86435,0.967117
24,fb0,1.22093,2.01055
24,fb1,1.78295,1.6329
24,fb2,1.86234,0.96373
25,fb0,1.22027,2.01162
25,fb1,1.7829,1.63121
25,fb2,1.86038,0.960369
26,fb0,1.21964,2.01263
26,fb1,1.78286,1.62954
26,fb2,1.85849,0.957037
27,fb0,1.21904,2.01356
27,fb1,1.78284,1.62788
27,fb2,1.85665,0.953733
28,fb0,1.21847,2.01444
28,fb1,1.78283,1.62623
28,fb2,1.85487,0.95046
29,fb0,1.21793,2.01525
29,fb1,1.78283,1.62459
29,fb2,1.85314,0.947218
30,fb0,1.21742,2.01601
30,fb1,1.78284,1.62295
30,fb2,1.85146,0.944008
31,fb0,1.21694,2.01672
31,fb1,1.78287,1.6213
31,fb2,1.84982,0.940828
32,fb0,1.21648,2.01738
32,fb1,1.7829,1.61966
32,fb2,1.84822,0.93768
33,fb0,1.21605,2.018
33,fb1,1.78294,1.61801
33,fb2,1.84667,0.934563
34,fb0,1.21565,2.01857
34,fb1,1.78299,1.61636
34,fb2,1.84513,0.931484
35,fb0,1.21526,2.01911
35,fb1,1.78304,1.6147
35,fb2,1.84362,0.928441
36,fb0,1.2149,2.01961
36,fb1,1.7831,1.61304
36,fb2,1.84212,0.925435
37,fb0,1.21456,2.02007
37,fb1,1.78317,1.61137
37,fb2,1.84064,0.922462
38,fb0,1.21424,2.02051
38,fb1,1.78324,1.6097
38,fb2,1.83917,0.919523
39,fb0,1.21393,2.02091
39,fb1,1.78331,1.60802
39,fb2,1.83773,0.916614
40,fb0,1.21364,2.02129
40,fb1,1.78339,1.60633
40,fb2,1.83629,0.913736
41,fb0,1.21337,2.02165
41,fb1,1.78346,1.60464
41,fb2,1.83487,0.910886
42,fb0,1.21311,2.02199
42,fb1,1.78353,1.60294
42,fb2,1.83347,0.908064
43,fb0,1.21285,2.02231
43,fb1,1.78361,1.60123
43,fb2,1.83207,0.905268
44,fb0,1.21261,2.02262
44,fb1,1.78368,1.59952
44,fb2,1.83069,0.902498
45,fb0,1.21259,2.02265
45,fb1,1.78376,1.5978
45,fb2,1.82933,0.899752
46,fb0,1.21259,2.02265
46,fb1,1.78383,1.59607
46,fb2,1.82797,0.89703
47,fb0,1.21259,2.02265
47,fb1,1.78391,1.59434
47,fb2,1.82662,0.89433
48,fb0,1.21259,2.02265
48,fb1,1.78398,1.59259
48,fb2,1.82529,0.891652
49,fb0,1.21259,2.02265
49,fb1,1.78406,1.59083
49,fb2,1.82397,0.888995
50,fb0,1.21259,2.02265
50,fb1,1.78414,1.58906
50,fb2,1.82265,0.886357
51,fb0,1.21226,2.02266
51,fb1,1.78421,1.58729
51,fb2,1.82135,0.883739
52,fb0,1.21188,2.02268
52,fb1,1.78429,1.58551
52,fb2,1.82005,0.881139
53,fb0,1.21149,2.02269
53,fb1,1.78437,1.58373
53,fb2,1.81877,0.878556
54,fb0,1.21109,2.0227
54,fb1,1.78444,1.58195
54,fb2,1.81749,0.87599
55,fb0,1.21067,2.02271
55,fb1,1.78452,1.58016
55,fb2,1.81622,0.87344
56,fb0,1.21024,2.02271
56,fb1,1.7846,1.57838
56,fb2,1.81496,0.870906
57,fb0,1.21019,2.02271
57,fb1,1.78468,1.57659
57,fb2,1.8137,0.868388
58,fb0,1.21019,2.02271
58,fb1,1.78475,1.5748
58,fb2,1.81246,0.865884
59,fb0,1.21019,2.02271
59,fb1,1.78483,1.573
59,fb2,1.81122,0.863395
60,fb0,1.21019,2.02271
60,fb1,1.78491,1.5712
60,fb2,1.80998,0.860921
61,fb0,1.2098,2.02247
61,fb1,1.78498,1.5694
61,fb2,1.80876,0.85846
62,fb0,1.20934,2.02218
62,fb1,1.78505,1.56759
62,fb2,1.80754,0.856012
63,fb0,1.20887,2.02187
63,fb1,1.78511,1.56577
63,fb2,1.80632,0.853577
64,fb0,1.20838,2.02155
64,fb1,1.78517,1.56396
64,fb2,1.80512,0.851154
65,fb0,1.20788,2.02122
65,fb1,1.78522,1.56214
65,fb2,1.80392,0.848743
66,fb0,1.20737,2.02087
66,fb1,1.78526,1.56032
66,fb2,1.80272,0.846344
67,fb0,1.20683,2.02051
67,fb1,1.7853,1.5585
67,fb2,1.80153,0.843956
68,fb0,1.20629,2.02012
68,fb1,1.78533,1.55668
68,fb2,1.80035,0.841579
69,fb0,1.20573,2.01973
69,fb1,1.78535,1.55485
69,fb2,1.79917,0.839213
70,fb0,1.20515,2.01931
70,fb1,1.78537,1.55303
70,fb2,1.798,0.836857
71,fb0,1.20456,2.01888
71,fb1,1.78538,1.5512
71,fb2,1.79683,0.834511
72,fb0,1.20396,2.01843
72,fb1,1.78537,1.54936
72,fb2,1.79566,0.832176
73,fb0,1.20335,2.01796
73,fb1,1.78537,1.54753
73,fb2,1.79451,0.829849
74,fb0,1.20273,2.01748
74,fb1,1.78535,1.54569
74,fb2,1.79335,0.827532
75,fb0,1.20209,2.01697
75,fb1,1.78532,1.54385
75,fb2,1.7922,0.825224
76,fb0,1.20145,2.01645
76,fb1,1.78529,1.54201
76,fb2,1.79106,0.822925
77,fb0,1.2008,2.01591
77,fb1,1.78524,1.54017
77,fb2,1.78992,0.820635
78,fb0,1.20013,2.01535
78,fb1,1.78519,1.53832
78,fb2,1.78878,0.818353
79,fb0,1.19946,2.01477
79,fb1,1.78513,1.53647
79,fb2,1.78765,0.816079
80,fb0,1.19878,2.01417
80,fb1,1.78506,1.53462
80,fb2,1.78652,0.813813
81,fb0,1.1981,2.01355
81,fb1,1.78498,1.53277
81,fb2,1.78539,0.811555
82,fb0,1.19741,2.01292
82,fb1,1.78488,1.53092
82,fb2,1.78427,0.809304
83,fb0,1.19672,2.01226
83,fb1,1.78478,1.52906
83,fb2,1.78315,0.807061
84,fb0,1.19602,2.01158
84,fb1,1.78467,1.5272
84,fb2,1.78204,0.804825
85,fb0,1.19532,2.01089
85,fb1,1.78455,1.52534
85,fb2,1.78093,0.802596
86,fb0,1.19461,2.01017
86,fb1,1.78442,1.52348
86,fb2,1.77982,0.800374
87,fb0,1.19391,2.00944
87,fb1,1.78428,1.52161
87,fb2,1.77872,0.798159
88,fb0,1.1932,2.00869
88,fb1,1.78413,1.51975
88,fb2,1.77762,0.79595
89,fb0,1.19249,2.00791
89,fb1,1.78396,1.51788
89,fb2,1.77652,0.793747
90,fb0,1.19178,2.00712
90,fb1,1.78379,1.51601
90,fb2,1.77543,0.791551
91,fb0,1.19108,2.00631
91,fb1,1.78361,1.51413
91,fb2,1.77434,0.789361
92,fb0,1.19037,2.00548
92,fb1,1.78341,1.51226
92,fb2,1.77325,0.787176
93,fb0,1.18992,2.00494
93,fb1,1.78321,1.51038
93,fb2,1.77173,0.784135
94,fb0,1.18948,2.0044
94,fb1,1.78299,1.50849
94,fb2,1.77022,0.781032
95,fb0,1.18903,2.00383
95,fb1,1.78276,1.50658
95,fb2,1.76875,0.777968
96,fb0,1.18857,2.00324
96,fb1,1.78252,1.50464
96,fb2,1.76732,0.774941
97,fb0,1.1881,2.00262
97,fb1,1.78226,1.50269
97,fb2,1.76594,0.771949
98,fb0,1.18762,2.00198
98,fb1,1.78199,1.50072
98,fb2,1.7646,0.76899
99,fb0,1.18713,2.00131
99,fb1,1.7817,1.49874
99,fb2,1.76329,0.766064
100,fb0,1.18664,2.00061
100,fb1,1.78141,1.49674
100,fb2,1.76202,0.763167
101,fb0,1.18613,1.99989
101,fb1,1.7811,1.49473
101,fb2,1.76078,0.7603
102,fb0,1.18563,1.99914
102,fb1,1.78078,1.49271
102,fb2,1.75958,0.757461
103,fb0,1.18512,1.99836
103,fb1,1.78044,1.49068
103,fb2,1.7584,0.754647
104,fb0,1.1846,1.99756
104,fb1,1.78009,1.48864
104,fb2,1.75723,0.751864
105,fb0,1.18409,1.99674
105,fb1,1.77973,1.48658
105,fb2,1.75608,0.749109
106,fb0,1.18357,1.99589
106,fb1,1.77936,1.48452
106,fb2,1.75494,0.746381
107,fb0,1.18306,1.99502
107,fb1,1.77897,1.48246
107,fb2,1.75381,0.743679
108,fb0,1.18254,1.99412
108,fb1,1.77857,1.48038
108,fb2,1.75269,0.741001
109,fb0,1.18203,1.99319
109,fb1,1.77816,1.4783
109,fb2,1.75157,0.738347
110,fb0,1.18152,1.99225
110,fb1,1.77774,1.47621
110,fb2,1.75047,0.735714
111,fb0,1.18102,1.99128
111,fb1,1.7773,1.47412
111,fb2,1.74938,0.733101
112,fb0,1.18052,1.99029
112,fb1,1.77686,1.47203
112,fb2,1.74829,0.730508
113,fb0,1.18002,1.98928
113,fb1,1.7764,1.46993
113,fb2,1.74722,0.727933
114,fb0,1.17953,1.98825
114,fb1,1.77593,1.46782
114,fb2,1.74615,0.725376
115,fb0,1.17905,1.98719
115,fb1,1.77544,1.46571
115,fb2,1.74508,0.722836
116,fb0,1.17858,1.98612
116,fb1,1.77495,1.4636
116,fb2,1.74403,0.720311
117,fb0,1.17812,1.98503
117,fb1,1.77445,1.46149
117,fb2,1.74298,0.717802
118,fb0,1.17767,1.98392
118,fb1,1.77393,1.45937
118,fb2,1.74193,0.715307
119,fb0,1.17722,1.98279
119,fb1,1.7734,1.45725
119,fb2,1.7409,0.712826
120,fb0,1.17679,1.98164
120,fb1,1.77287,1.45513
120,fb2,1.73986,0.710358
121,fb0,1.17637,1.98048
121,fb1,1.77232,1.45301
121,fb2,1.73884,0.707902
122,fb0,1.17597,1.9793
122,fb1,1.77176,1.45089
122,fb2,1.73781,0.705459
123,fb0,1.17557,1.9781
123,fb1,1.77119,1.44876
123,fb2,1.7368,0.703027
124,fb0,1.17519,1.97689
124,fb1,1.77061,1.44664
124,fb2,1.73578,0.700606
125,fb0,1.17482,1.97567
125,fb1,1.77002,1.44451
125,fb2,1.73477,0.698195
126,fb0,1.17446,1.97444
126,fb1,1.76942,1.44238
126,fb2,1.73377,0.695795
127,fb0,1.17412,1.97319
127,fb1,1.76881,1.44025
127,fb2,1.73277,0.693404
128,fb0,1.1738,1.97193
128,fb1,1.7682,1.43812
128,fb2,1.73177,0.691023
129,fb0,1.17348,1.97066
129,fb1,1.76757,1.436
129,fb2,1.73078,0.688651
130,fb0,1.17319,1.96938
130,fb1,1.76693,1.43387
130,fb2,1.72979,0.686287
131,fb0,1.17291,1.96809
131,fb1,1.76629,1.43174
131,fb2,1.72881,0.683931
132,fb0,1.17264,1.96679
132,fb1,1.76563,1.42961
132,fb2,1.72782,0.681584
133,fb0,1.17239,1.96548
133,fb1,1.76497,1.42748
133,fb2,1.72684,0.679244
134,fb0,1.17215,1.96416
134,fb1,1.76429,1.42535
134,fb2,1.72587,0.676911
135,fb0,1.17193,1.96284
135,fb1,1.76361,1.42322
135,fb2,1.72489,0.674586
136,fb0,1.17173,1.96151
136,fb1,1.76293,1.42109
136,fb2,1.72392,0.672267
137,fb0,1.17154,1.96017
137,fb1,1.76225,1.41896
137,fb2,1.72296,0.669955
138,fb0,1.17136,1.95883
138,fb1,1.76156,1.41683
138,fb2,1.72199,0.667649
139,fb0,1.1712,1.95749
139,fb1,1.76088,1.41469
139,fb2,1.72103,0.66535
140,fb0,1.17106,1.95614
140,fb1,1.76019,1.41255
140,fb2,1.72007,0.663056
141,fb0,1.17093,1.95478
141,fb1,1.75951,1.41041
141,fb2,1.71911,0.660767
142,fb0,1.17082,1.95342
142,fb1,1.75882,1.40827
142,fb2,1.71816,0.658484
143,fb0,1.17072,1.95206
143,fb1,1.75814,1.40613
143,fb2,1.7172,0.656206
144,fb0,1.17064,1.9507
144,fb1,1.75745,1.40399
144,fb2,1.71625,0.653932
145,fb0,1.17057,1.94933
145,fb1,1.75676,1.40185
145,fb2,1.7153,0.651663
146,fb0,1.17052,1.94796
146,fb1,1.75607,1.3997
146,fb2,1.71436,0.649399
147,fb0,1.17048,1.94659
147,fb1,1.75539,1.39755
147,fb2,1.71341,0.647138
148,fb0,1.17046,1.94522
148,fb1,1.7547,1.39541
148,fb2,1.71247,0.644882
149,fb0,1.17045,1.94385
149,fb1,1.75401,1.39326
149,fb2,1.71152,0.64263
150,fb0,1.17046,1.94247
150,fb1,1.75332,1.39111
150,fb2,1.71058,0.640382
151,fb0,1.17047,1.9411
151,fb1,1.75263,1.38896
151,fb2,1.70964,0.638137
152,fb0,1.17051,1.93973
152,fb1,1.75194,1.38681
152,fb2,1.70871,0.635895
153,fb0,1.17055,1.93835
153,fb1,1.75125,1.38466
153,fb2,1.70777,0.633657
154,fb0,1.17061,1.93698
154,fb1,1.75056,1.38251
154,fb2,1.70683,0.631422
155,fb0,1.17069,1.9356
155,fb1,1.74987,1.38035
155,fb2,1.7059,0.62919
156,fb0,1.17077,1.93423
156,fb1,1.74918,1.3782
156,fb2,1.70497,0.626961
157,fb0,1.17087,1.93286
157,fb1,1.74849,1.37605
157,fb2,1.70404,0.624734
158,fb0,1.17098,1.93149
158,fb1,1.7478,1.37389
158,fb2,1.7031,0.622511
159,fb0,1.1711,1.93012
159,fb1,1.74711,1.37174
159,fb2,1.70218,0.62029
160,fb0,1.17124,1.92876
160,fb1,1.74642,1.36958
160,fb2,1.70125,0.618072
161,fb0,1.17139,1.92739
161,fb1,1.74573,1.36743
161,fb2,1.70032,0.615856
162,fb0,1.17155,1.92603
162,fb1,1.74504,1.36527
162,fb2,1.69939,0.613642
163,fb0,1.17172,1.92467
163,fb1,1.74435,1.36312
163,fb2,1.69847,0.611431
164,fb0,1.1719,1.92332
164,fb1,1.74366,1.36096
164,fb2,1.69754,0.609221
165,fb0,1.17209,1.92196
165,fb1,1.74297,1.3588
165,fb2,1.69662,0.607014
166,fb0,1.17229,1.92061
166,fb1,1.74227,1.35665
166,fb2,1.6957,0.604809
167,fb0,1.17251,1.91926
167,fb1,1.74158,1.35449
167,fb2,1.69478,0.602606
168,fb0,1.17273,1.91792
168,fb1,1.74089,1.35233
168,fb2,1.69385,0.600405
169,fb0,1.17297,1.91658
169,fb1,1.7402,1.35018
169,fb2,1.69293,0.598205
170,fb0,1.17321,1.91524
170,fb1,1.73951,1.34802
170,fb2,1.69201,0.596008
171,fb0,1.17347,1.9139
171,fb1,1.73882,1.34586
171,fb2,1.6911,0.593812
172,fb0,1.17373,1.91257
172,fb1,1.73813,1.3437
172,fb2,1.69018,0.591617
173,fb0,1.174,1.91124
173,fb1,1.73743,1.34155
173,fb2,1.68926,0.589425
174,fb0,1.17429,1.90992
174,fb1,1.73674,1.33939
174,fb2,1.68834,0.587233
175,fb0,1.17458,1.9086
175,fb1,1.73605,1.33723
175,fb2,1.68743,0.585044
176,fb0,1.17488,1.90728
176,fb1,1.73536,1.33508
176,fb2,1.68651,0.582855
177,fb0,1.17519,1.90597
177,fb1,1.73467,1.33292
177,fb2,1.6856,0.580669
178,fb0,1.1755,1.90466
178,fb1,1.73398,1.33076
178,fb2,1.68468,0.578483
179,fb0,1.17583,1.90335
179,fb1,1.73329,1.3286
179,fb2,1.68377,0.576299
180,fb0,1.17616,1.90205
180,fb1,1.73259,1.32645
180,fb2,1.68285,0.574116
181,fb0,1.1765,1.90075
181,fb1,1.7319,1.32429
181,fb2,1.68194,0.571935
182,fb0,1.17685,1.89946
182,fb1,1.73121,1.32213
182,fb2,1.68103,0.569754
183,fb0,1.17721,1.89817
183,fb1,1.73052,1.31998
183,fb2,1.68012,0.567575
184,fb0,1.17757,1.89688
184,fb1,1.72983,1.31782
184,fb2,1.67921,0.565397
185,fb0,1.17794,1.8956
185,fb1,1.72914,1.31567
185,fb2,1.6783,0.56322
186,fb0,1.17832,1.89432
186,fb1,1.72845,1.31351
186,fb2,1.67739,0.561044
187,fb0,1.1787,1.89305
187,fb1,1.72776,1.31135
187,fb2,1.67648,0.55887
188,fb0,1.17909,1.89178
188,fb1,1.72706,1.3092
188,fb2,1.67557,0.556696
189,fb0,1.17949,1.89052
189,fb1,1.72637,1.30704
189,fb2,1.67466,0.554523
190,fb0,1.1799,1.88925
190,fb1,1.72568,1.30489
190,fb2,1.67375,0.552352
191,fb0,1.18031,1.888
191,fb1,1.72499,1.30273
191,fb2,1.67284,0.550181
192,fb0,1.18072,1.88674
192,fb1,1.7243,1.30058
192,fb2,1.67193,0.548011
193,fb0,1.18114,1.88549
193,fb1,1.72361,1.29843
193,fb2,1.67102,0.545843
194,fb0,1.18157,1.88425
194,fb1,1.72292,1.29627
194,fb2,1.67012,0.543675
195,fb0,1.182,1.883
195,fb1,1.72223,1.29412
195,fb2,1.66921,0.541508
196,fb0,1.18244,1.88176
196,fb1,1.72154,1.29197
196,fb2,1.6683,0.539342
197,fb0,1.18289,1.88053
197,fb1,1.72085,1.28981
197,fb2,1.6674,0.537177
198,fb0,1.18334,1.8793
198,fb1,1.72016,1.28766
198,fb2,1.66649,0.535012
199,fb0,1.18379,1.87807
199,fb1,1.71947,1.28551
199,fb2,1.66559,0.532849
200,fb0,1.18425,1.87685
200,fb1,1.71878,1.28336
200,fb2,1.66468,0.530686
201,fb0,1.18471,1.87563
201,fb1,1.71809,1.28121
201,fb2,1.66378,0.528524
202,fb0,1.18518,1.87441
202,fb1,1.7174,1.27906
202,fb2,1.66287,0.526363
203,fb0,1.18566,1.8732
203,fb1,1.71671,1.27691
203,fb2,1.66197,0.524203
204,fb0,1.18614,1.87199
204,fb1,1.71602,1.27476
204,fb2,1.66107,0.522044
205,fb0,1.18662,1.87078
205,fb1,1.71534,1.27261
205,fb2,1.66016,0.519885
206,fb0,1.18711,1.86957
206,fb1,1.71465,1.27046
206,fb2,1.65926,0.517727
207,fb0,1.1876,1.86837
207,fb1,1.71396,1.26831
207,fb2,1.65836,0.51557
208,fb0,1.18809,1.86718
208,fb1,1.71327,1.26616
208,fb2,1.65745,0.513414
209,fb0,1.18859,1.86598
209,fb1,1.71258,1.26401
209,fb2,1.65655,0.511258
210,fb0,1.1891,1.86479
210,fb1,1.71189,1.26187
210,fb2,1.65565,0.509103
211,fb0,1.18961,1.8636
211,fb1,1.71121,1.25972
211,fb2,1.65475,0.506949
212,fb0,1.19012,1.86242
212,fb1,1.71052,1.25758
212,fb2,1.65385,0.504796
213,fb0,1.19063,1.86124
213,fb1,1.70983,1.25543
213,fb2,1.65295,0.502643
214,fb0,1.19115,1.86006
214,fb1,1.70914,1.25329
214,fb2,1.65205,0.500491
215,fb0,1.19168,1.85888
215,fb1,1.70845,1.25114
215,fb2,1.65115,0.49834
216,fb0,1.1922,1.85771
216,fb1,1.70777,1.249
216,fb2,1.65025,0.49619
217,fb0,1.19273,1.85654
217,fb1,1.70708,1.24685
217,fb2,1.64935,0.49404
218,fb0,1.19327,1.85537
218,fb1,1.70639,1.24471
218,fb2,1.64845,0.491891
219,fb0,1.1938,1.8542
219,fb1,1.70571,1.24257
219,fb2,1.64755,0.489742
220,fb0,1.19434,1.85304
220,fb1,1.70502,1.24043
220,fb2,1.64665,0.487595
221,fb0,1.19489,1.85187
221,fb1,1.70434,1.23829
221,fb2,1.64575,0.485448
222,fb0,1.19543,1.85071
222,fb1,1.70365,1.23615
222,fb2,1.64485,0.483301
223,fb0,1.19598,1.84956
223,fb1,1.70296,1.23401
223,fb2,1.64396,0.481156
224,fb0,1.19654,1.8484
224,fb1,1.70228,1.23187
224,fb2,1.64306,0.479011
225,fb0,1.19709,1.84725
225,fb1,1.70159,1.22973
225,fb2,1.64216,0.476867
226,fb0,1.19765,1.8461
226,fb1,1.70091,1.2276
226,fb2,1.64127,0.474723
227,fb0,1.19821,1.84495
227,fb1,1.70022,1.22546
227,fb2,1.64037,0.472581
228,fb0,1.19878,1.8438
228,fb1,1.69954,1.22332
228,fb2,1.63947,0.470439
229,fb0,1.19935,1.84266
229,fb1,1.69885,1.22119
229,fb2,1.63858,0.468297
230,fb0,1.19992,1.84151
230,fb1,1.69817,1.21905
230,fb2,1.63768,0.466157
231,fb0,1.20049,1.84037
231,fb1,1.69749,1.21692
231,fb2,1.63679,0.464017
232,fb0,1.20107,1.83923
232,fb1,1.6968,1.21479
232,fb2,1.63589,0.461877
233,fb0,1.20165,1.83809
233,fb1,1.69612,1.21265
233,fb2,1.635,0.459739
234,fb0,1.20223,1.83695
234,fb1,1.69543,1.21052
234,fb2,1.6341,0.457601
235,fb0,1.20281,1.83582
235,fb1,1.69475,1.20839
235,fb2,1.63321,0.455464
236,fb0,1.2034,1.83468
236,fb1,1.69407,1.20626
236,fb2,1.63231,0.453328
237,fb0,1.20399,1.83355
237,fb1,1.69339,1.20413
237,fb2,1.63142,0.451192
238,fb0,1.20458,1.83241
238,fb1,1.6927,1.202
238,fb2,1.63053,0.449057
239,fb0,1.20517,1.83128
239,fb1,1.69202,1.19988
239,fb2,1.62963,0.446923
240,fb0,1.20577,1.83015
240,fb1,1.69134,1.19775
240,fb2,1.62874,0.44479
241,fb0,1.20636,1.82902
241,fb1,1.69066,1.19562
241,fb2,1.62785,0.442657
242,fb0,1.20696,1.82789
242,fb1,1.68998,1.1935
242,fb2,1.62696,0.440525
243,fb0,1.20756,1.82676
243,fb1,1.6893,1.19137
243,fb2,1.62606,0.438394
244,fb0,1.20816,1.82563
244,fb1,1.68862,1.18925
244,fb2,1.62517,0.436263
245,fb0,1.20875,1.8245
245,fb1,1.68794,1.18713
245,fb2,1.62428,0.434133
246,fb0,1.20935,1.82337
246,fb1,1.68726,1.185
246,fb2,1.62339,0.432004
247,fb0,1.20995,1.82223
247,fb1,1.68658,1.18288
247,fb2,1.6225,0.429876
248,fb0,1.21055,1.8211
248,fb1,1.6859,1.18076
248,fb2,1.62161,0.427749
249,fb0,1.21114,1.81997
249,fb1,1.68522,1.17864
249,fb2,1.62072,0.425622
250,fb0,1.21174,1.81883
250,fb1,1.68454,1.17653
250,fb2,1.61983,0.423496
251,fb0,1.21234,1.8177
251,fb1,1.68386,1.17441
251,fb2,1.61894,0.421371
252,fb0,1.21294,1.81657
252,fb1,1.68318,1.17229
252,fb2,1.61805,0.419247
253,fb0,1.21354,1.81543
253,fb1,1.6825,1.17018
253,fb2,1.61716,0.417123
254,fb0,1.21414,1.81429
254,fb1,1.68182,1.16806
254,fb2,1.61628,0.415
255,fb0,1.21474,1.81316
255,fb1,1.68115,1.16595
255,fb2,1.61539,0.412878
256,fb0,1.21534,1.81202
256,fb1,1.68047,1.16383
256,fb2,1.6145,0.410757
257,fb0,1.21594,1.81088
257,fb1,1.67979,1.16172
257,fb2,1.61361,0.408637
258,fb0,1.21654,1.80974
258,fb1,1.67912,1.15961
258,fb2,1.61273,0.406517
259,fb0,1.21715,1.8086
259,fb1,1.67844,1.1575
259,fb2,1.61184,0.404398
260,fb0,1.21775,1.80746
260,fb1,1.67776,1.15539
260,fb2,1.61095,0.402281
261,fb0,1.21835,1.80632
261,fb1,1.67709,1.15328
261,fb2,1.61007,0.400163
262,fb0,1.21896,1.80517
262,fb1,1.67641,1.15117
262,fb2,1.60918,0.398047
263,fb0,1.21956,1.80403
263,fb1,1.67574,1.14907
263,fb2,1.6083,0.395932
264,fb0,1.22016,1.80288
264,fb1,1.67506,1.14696
264,fb2,1.60741,0.393817
265,fb0,1.22077,1.80174
265,fb1,1.67439,1.14486
265,fb2,1.60653,0.391703
266,fb0,1.22137,1.80059
266,fb1,1.67371,1.14275
266,fb2,1.60564,0.38959
267,fb0,1.22198,1.79944
267,fb1,1.67304,1.14065
267,fb2,1.60476,0.387478
268,fb0,1.22259,1.79829
268,fb1,1.67236,1.13855
268,fb2,1.60388,0.385367
269,fb0,1.2232,1.79714
269,fb1,1.67169,1.13645
269,fb2,1.60299,0.383257
270,fb0,1.2238,1.79599
270,fb1,1.67102,1.13435
270,fb2,1.60211,0.381147
271,fb0,1.22441,1.79484
271,fb1,1.67035,1.13225
271,fb2,1.60123,0.379039
272,fb0,1.22502,1.79369
272,fb1,1.66967,1.13015
272,fb2,1.60035,0.376931
273,fb0,1.22563,1.79253
273,fb1,1.669,1.12805
273,fb2,1.59946,0.374824
274,fb0,1.22624,1.79138
274,fb1,1.66833,1.12596
274,fb2,1.59858,0.372718
275,fb0,1.22685,1.79022
275,fb1,1.66766,1.12386
275,fb2,1.5977,0.370613
276,fb0,1.22746,1.78906
276,fb1,1.66699,1.12177
276,fb2,1.59682,0.368509
277,fb0,1.22808,1.7879
277,fb1,1.66631,1.11968
277,fb2,1.59594,0.366405
278,fb0,1.22869,1.78674
278,fb1,1.66564,1.11758
278,fb2,1.59506,0.364303
279,fb0,1.2293,1.78558
279,fb1,1.66497,1.11549
279,fb2,1.59418,0.362202
280,fb0,1.22992,1.78441
280,fb1,1.6643,1.1134
280,fb2,1.5933,0.360101
281,fb0,1.23053,1.78325
281,fb1,1.66363,1.11131
281,fb2,1.59243,0.358001
282,fb0,1.23115,1.78208
282,fb1,1.66322,1.11003
282,fb2,1.59155,0.355903
283,fb0,1.23176,1.78092
283,fb1,1.66286,1.10884
283,fb2,1.59068,0.353827
284,fb0,1.23237,1.77977
284,fb1,1.66252,1.10764
284,fb2,1.58982,0.351778
285,fb0,1.23297,1.77863
285,fb1,1.6622,1.10643
285,fb2,1.58897,0.349756
286,fb0,1.23357,1.77749
286,fb1,1.6619,1.10521
286,fb2,1.58814,0.347758
287,fb0,1.23417,1.77636
287,fb1,1.66162,1.104
287,fb2,1.58731,0.345784
288,fb0,1.23476,1.77524
288,fb1,1.66136,1.10277
288,fb2,1.5865,0.343833
289,fb0,1.23535,1.77413
289,fb1,1.66113,1.10154
289,fb2,1.58569,0.341903
290,fb0,1.23593,1.77302
290,fb1,1.66091,1.10031
290,fb2,1.58489,0.339995
291,fb0,1.23651,1.77192
291,fb1,1.66072,1.09908
291,fb2,1.5841,0.338107
292,fb0,1.23709,1.77082
292,fb1,1.6607,1.09895
292,fb2,1.58332,0.336238
293,fb0,1.23766,1.76974
293,fb1,1.66041,1.09787
293,fb2,1.58256,0.334415
294,fb0,1.23823,1.76868
294,fb1,1.6601,1.09666
294,fb2,1.5818,0.332615
295,fb0,1.23879,1.76761
295,fb1,1.6598,1.09545
295,fb2,1.58106,0.330832
296,fb0,1.23934,1.76656
296,fb1,1.65952,1.09423
296,fb2,1.58032,0.329065
297,fb0,1.2399,1.76551
297,fb1,1.65926,1.093
297,fb2,1.57958,0.327313
298,fb0,1.24045,1.76446
298,fb1,1.65903,1.09178
298,fb2,1.57886,0.325576
299,fb0,1.241,1.76343
299,fb1,1.65881,1.09054
299,fb2,1.57814,0.323853
300,fb0,1.24154,1.76239
300,fb1,1.65862,1.08931
300,fb2,1.57742,0.322144
301,fb0,1.24209,1.76136
301,fb1,1.65845,1.08807
301,fb2,1.57671,0.320448
302,fb0,1.24263,1.76033
302,fb1,1.65831,1.08683
302,fb2,1.57601,0.318765
303,fb0,1.24317,1.75931
303,fb1,1.65818,1.08558
303,fb2,1.57531,0.317094
304,fb0,1.24371,1.75829
304,fb1,1.65808,1.08434
304,fb2,1.57461,0.315436
305,fb0,1.24425,1.75727
305,fb1,1.658,1.08309
305,fb2,1.57392,0.313789
306,fb0,1.24478,1.75625
306,fb1,1.65794,1.08184
306,fb2,1.57324,0.312153
307,fb0,1.24532,1.75524
307,fb1,1.65791,1.08059
307,fb2,1.57256,0.310528
308,fb0,1.24585,1.75423
308,fb1,1.6579,1.07934
308,fb2,1.57189,0.308914
309,fb0,1.24639,1.75322
309,fb1,1.65791,1.07809
309,fb2,1.57121,0.307311
310,fb0,1.24692,1.75221
310,fb1,1.65794,1.07684
310,fb2,1.57055,0.305718
311,fb0,1.24745,1.7512
311,fb1,1.65799,1.07559
311,fb2,1.56989,0.304135
312,fb0,1.24798,1.7502
312,fb1,1.65807,1.07435
312,fb2,1.56923,0.302561
313,fb0,1.24851,1.74919
313,fb1,1.65817,1.0731
313,fb2,1.56857,0.300998
314,fb0,1.24904,1.74818
314,fb1,1.65829,1.07186
314,fb2,1.56792,0.299443
315,fb0,1.24958,1.74718
315,fb1,1.65843,1.07062
315,fb2,1.56728,0.297899
316,fb0,1.25011,1.74617
316,fb1,1.6586,1.06938
316,fb2,1.56663,0.296363
317,fb0,1.25064,1.74517
317,fb1,1.65878,1.06814
317,fb2,1.56599,0.294836
318,fb0,1.25117,1.74416
318,fb1,1.65899,1.06691
318,fb2,1.56536,0.293319
319,fb0,1.2517,1.74316
319,fb1,1.65923,1.06568
319,fb2,1.56473,0.29181
320,fb0,1.25223,1.74215
320,fb1,1.65948,1.06446
320,fb2,1.5641,0.29031
321,fb0,1.25276,1.74114
321,fb1,1.65975,1.06324
321,fb2,1.56348,0.288819
322,fb0,1.2533,1.74013
322,fb1,1.66005,1.06202
322,fb2,1.56286,0.287336
323,fb0,1.25383,1.73912
323,fb1,1.66037,1.06081
323,fb2,1.56224,0.285862
324,fb0,1.25436,1.73811
324,fb1,1.66071,1.05961
324,fb2,1.56163,0.284397
325,fb0,1.2549,1.7371
325,fb1,1.66107,1.05841
325,fb2,1.56102,0.28294
326,fb0,1.25543,1.73608
326,fb1,1.66145,1.05722
326,fb2,1.56041,0.281492
327,fb0,1.25597,1.73507
327,fb1,1.66186,1.05604
327,fb2,1.55981,0.280052
328,fb0,1.25651,1.73405
328,fb1,1.66228,1.05487
328,fb2,1.55921,0.278621
329,fb0,1.25704,1.73303
329,fb1,1.66273,1.0537
329,fb2,1.55861,0.277199
330,fb0,1.25758,1.73201
330,fb1,1.6632,1.05254
330,fb2,1.55802,0.275785
331,fb0,1.25812,1.73099
331,fb1,1.66368,1.05139
331,fb2,1.55743,0.274379
332,fb0,1.25866,1.72997
332,fb1,1.66419,1.05025
332,fb2,1.55685,0.272983
333,fb0,1.2592,1.72895
333,fb1,1.66472,1.04911
333,fb2,1.55627,0.271595
334,fb0,1.25974,1.72792
334,fb1,1.66527,1.04799
334,fb2,1.55569,0.270216
335,fb0,1.26029,1.72689
335,fb1,1.66584,1.04688
335,fb2,1.55512,0.268846
336,fb0,1.26083,1.72586
336,fb1,1.66642,1.04577
336,fb2,1.55455,0.267484
337,fb0,1.26137,1.72483
337,fb1,1.66703,1.04468
337,fb2,1.55398,0.266132
338,fb0,1.26192,1.7238
338,fb1,1.66766,1.0436
338,fb2,1.55342,0.264788
339,fb0,1.26247,1.72277
339,fb1,1.6683,1.04253
339,fb2,1.55286,0.263454
340,fb0,1.26301,1.72173
340,fb1,1.66897,1.04147
340,fb2,1.55231,0.262129
341,fb0,1.26356,1.72069
341,fb1,1.66965,1.04042
341,fb2,1.55176,0.260813
342,fb0,1.26411,1.71966
342,fb1,1.67036,1.03939
342,fb2,1.55121,0.259507
343,fb0,1.26466,1.71862
343,fb1,1.67108,1.03837
343,fb2,1.55067,0.25821
344,fb0,1.26521,1.71757
344,fb1,1.67182,1.03736
344,fb2,1.55013,0.256923
345,fb0,1.26576,1.71653
345,fb1,1.67257,1.03637
345,fb2,1.5496,0.255645
346,fb0,1.26631,1.71549
346,fb1,1.67335,1.03539
346,fb2,1.54907,0.254377
347,fb0,1.26686,1.71444
347,fb1,1.67414,1.03442
347,fb2,1.54854,0.253119
348,fb0,1.26741,1.7134
348,fb1,1.67495,1.03347
348,fb2,1.54802,0.25187
349,fb0,1.26796,1.71235
349,fb1,1.67578,1.03253
349,fb2,1.5475,0.250632
350,fb0,1.26852,1.7113
350,fb1,1.67662,1.0316
350,fb2,1.54698,0.249404
351,fb0,1.26907,1.71025
351,fb1,1.67748,1.0307
351,fb2,1.54647,0.248187
352,fb0,1.26963,1.7092
352,fb1,1.67835,1.0298
352,fb2,1.54597,0.246979
353,fb0,1.27018,1.70815
353,fb1,1.67924,1.02893
353,fb2,1.54547,0.245783
354,fb0,1.27073,1.7071
354,fb1,1.68015,1.02807
354,fb2,1.54497,0.244596
355,fb0,1.27129,1.70605
355,fb1,1.68107,1.02722
355,fb2,1.54448,0.243421
356,fb0,1.27184,1.705
356,fb1,1.68201,1.02639
356,fb2,1.54399,0.242256
357,fb0,1.2724,1.70395
357,fb1,1.68296,1.02558
357,fb2,1.54351,0.241102
358,fb0,1.27295,1.7029
358,fb1,1.68392,1.02479
358,fb2,1.54303,0.23996
359,fb0,1.27351,1.70185
359,fb1,1.6849,1.02401
359,fb2,1.54256,0.238828
360,fb0,1.27406,1.7008
360,fb1,1.6859,1.02325
360,fb2,1.54209,0.237708
361,fb0,1.27462,1.69975
361,fb1,1.686,1.02318
361,fb2,1.54163,0.236598
362,fb0,1.27516,1.69871
362,fb1,1.686,1.02318
362,fb2,1.54117,0.235508
363,fb0,1.2757,1.6977
363,fb1,1.686,1.02318
363,fb2,1.54072,0.234439
364,fb0,1.27622,1.69672
364,fb1,1.686,1.02318
364,fb2,1.54028,0.233388
365,fb0,1.27673,1.69575
365,fb1,1.686,1.02318
365,fb2,1.53985,0.232357
366,fb0,1.27723,1.6948
366,fb1,1.686,1.02318
366,fb2,1.53943,0.231344
367,fb0,1.27772,1.69388
367,fb1,1.68604,1.02275
367,fb2,1.53901,0.230349
368,fb0,1.2782,1.69297
368,fb1,1.68608,1.02227
368,fb2,1.5386,0.229365
369,fb0,1.27867,1.69207
369,fb1,1.68611,1.02179
369,fb2,1.53819,0.228391
370,fb0,1.27914,1.69119
370,fb1,1.68615,1.0213
370,fb2,1.53779,0.227426
371,fb0,1.2796,1.69031
371,fb1,1.68618,1.02081
371,fb2,1.53739,0.22647
372,fb0,1.28005,1.68945
372,fb1,1.68621,1.02031
372,fb2,1.53699,0.225523
373,fb0,1.2805,1.6886
373,fb1,1.68624,1.01981
373,fb2,1.5366,0.224583
374,fb0,1.28095,1.68776
374,fb1,1.68626,1.01931
374,fb2,1.53621,0.223652
375,fb0,1.28139,1.68693
375,fb1,1.68629,1.0188
375,fb2,1.53582,0.222729
376,fb0,1.28182,1.68611
376,fb1,1.68631,1.01828
376,fb2,1.53544,0.221813
377,fb0,1.28224,1.6853
377,fb1,1.68633,1.01777
377,fb2,1.53506,0.220904
378,fb0,1.28267,1.6845
378,fb1,1.68635,1.01724
378,fb2,1.53468,0.220003
379,fb0,1.28308,1.68372
379,fb1,1.68637,1.01672
379,fb2,1.53431,0.219108
380,fb0,1.28349,1.68294
380,fb1,1.68638,1.01618
380,fb2,1.53394,0.21822
381,fb0,1.2839,1.68217
381,fb1,1.68639,1.01565
381,fb2,1.53357,0.217338
382,fb0,1.2843,1.6814
382,fb1,1.68641,1.01511
382,fb2,1.5332,0.216463
383,fb0,1.2847,1.68065
383,fb1,1.68641,1.01456
383,fb2,1.53284,0.215594
384,fb0,1.28509,1.67991
384,fb1,1.68642,1.01401
384,fb2,1.53248,0.21473
385,fb0,1.28548,1.67917
385,fb1,1.68643,1.01346
385,fb2,1.53212,0.213872
386,fb0,1.28587,1.67844
386,fb1,1.68643,1.0129
386,fb2,1.53176,0.21302
387,fb0,1.28625,1.67772
387,fb1,1.68643,1.01234
387,fb2,1.53141,0.212172
388,fb0,1.28662,1.67701
388,fb1,1.68643,1.01178
388,fb2,1.53105,0.21133
389,fb0,1.28699,1.67631
389,fb1,1.68642,1.01121
389,fb2,1.5307,0.210493
390,fb0,1.28736,1.67561
390,fb1,1.68642,1.01064
390,fb2,1.53035,0.209661
391,fb0,1.28773,1.67492
391,fb1,1.68641,1.01006
391,fb2,1.53001,0.208833
392,fb0,1.28809,1.67423
392,fb1,1.6864,1.00948
392,fb2,1.52966,0.20801
393,fb0,1.28845,1.67356
393,fb1,1.68639,1.0089
393,fb2,1.52932,0.207191
394,fb0,1.2888,1.67288
394,fb1,1.68638,1.00831
394,fb2,1.52898,0.206377
395,fb0,1.28915,1.67222
395,fb1,1.68636,1.00772
395,fb2,1.52864,0.205566
396,fb0,1.2895,1.67156
396,fb1,1.68635,1.00713
396,fb2,1.5283,0.20476
397,fb0,1.28985,1.67091
397,fb1,1.68633,1.00653
397,fb2,1.52797,0.203957
398,fb0,1.29019,1.67026
398,fb1,1.6863,1.00594
398,fb2,1.52763,0.203159
399,fb0,1.29053,1.66961
399,fb1,1.68628,1.00533
399,fb2,1.5273,0.202363
400,fb0,1.29086,1.66898
400,fb1,1.68626,1.00473
400,fb2,1.52697,0.201572
401,fb0,1.2912,1.66834
401,fb1,1.68623,1.00412
401,fb2,1.52664,0.200784
402,fb0,1.29153,1.66772
402,fb1,1.6862,1.00351
402,fb2,1.52631,0.199999
403,fb0,1.29186,1.66709
403,fb1,1.68617,1.0029
403,fb2,1.52598,0.199217
404,fb0,1.29218,1.66648
404,fb1,1.68613,1.00228
404,fb2,1.52566,0.198438
405,fb0,1.29251,1.66586
405,fb1,1.6861,1.00167
405,fb2,1.52533,0.197663
406,fb0,1.29283,1.66525
406,fb1,1.68606,1.00105
406,fb2,1.52501,0.19689
407,fb0,1.29315,1.66465
407,fb1,1.68602,1.00042
407,fb2,1.52469,0.19612
408,fb0,1.29347,1.66405
408,fb1,1.68598,0.9998
408,fb2,1.52437,0.195353
409,fb0,1.29378,1.66345
409,fb1,1.68594,0.999173
409,fb2,1.52405,0.194589
410,fb0,1.2941,1.66286
410,fb1,1.68589,0.998544
410,fb2,1.52373,0.193827
411,fb0,1.29441,1.66227
411,fb1,1.68585,0.997913
411,fb2,1.52341,0.193068
412,fb0,1.29472,1.66168
412,fb1,1.6858,0.997281
412,fb2,1.52309,0.192311
413,fb0,1.29502,1.6611
413,fb1,1.68575,0.996646
413,fb2,1.52278,0.191557
414,fb0,1.29533,1.66052
414,fb1,1.68569,0.996009
414,fb2,1.52246,0.190805
415,fb0,1.29563,1.65995
415,fb1,1.68564,0.995371
415,fb2,1.52215,0.190055
416,fb0,1.29594,1.65937
416,fb1,1.68558,0.994731
416,fb2,1.52184,0.189307
417,fb0,1.29624,1.6588
417,fb1,1.68552,0.994089
417,fb2,1.52153,0.188561
418,fb0,1.29654,1.65824
418,fb1,1.68546,0.993445
418,fb2,1.52121,0.187818
419,fb0,1.29683,1.65767
419,fb1,1.6854,0.9928
419,fb2,1.5209,0.187077
420,fb0,1.29713,1.65711
420,fb1,1.68534,0.992154
420,fb2,1.52059,0.186337
421,fb0,1.29742,1.65655
421,fb1,1.68527,0.991506
421,fb2,1.52029,0.185599
422,fb0,1.29772,1.656
422,fb1,1.6852,0.990857
422,fb2,1.51998,0.184864
423,fb0,1.29801,1.65544
423,fb1,1.68513,0.990206
423,fb2,1.51967,0.18413
424,fb0,1.2983,1.65489
424,fb1,1.68506,0.989554
424,fb2,1.51936,0.183397
425,fb0,1.29859,1.65434
425,fb1,1.68499,0.9889
425,fb2,1.51906,0.182667
426,fb0,1.29888,1.6538
426,fb1,1.68485,0.987717
426,fb2,1.51875,0.181938
427,fb0,1.29917,1.65324
427,fb1,1.68473,0.986474
427,fb2,1.51845,0.181204
428,fb0,1.29947,1.65268
428,fb1,1.68463,0.985228
428,fb2,1.51814,0.180465
429,fb0,1.29977,1.65211
429,fb1,1.68458,0.984527
429,fb2,1.51783,0.179719
430,fb0,1.30007,1.65154
430,fb1,1.6845,0.98334
430,fb2,1.51751,0.178975
431,fb0,1.30038,1.65096
431,fb1,1.68447,0.982642
431,fb2,1.5172,0.178226
432,fb0,1.30069,1.65038
432,fb1,1.68444,0.982003
432,fb2,1.51689,0.177477
433,fb0,1.30099,1.6498
433,fb1,1.68438,0.980816
433,fb2,1.51658,0.176731
434,fb0,1.3013,1.64922
434,fb1,1.68435,0.980119
434,fb2,1.51626,0.175981
435,fb0,1.30161,1.64863
435,fb1,1.68433,0.979483
435,fb2,1.51595,0.175231
436,fb0,1.30191,1.64805
436,fb1,1.6843,0.978845
436,fb2,1.51564,0.174484
437,fb0,1.30222,1.64748
437,fb1,1.68425,0.977657
437,fb2,1.51532,0.173739
438,fb0,1.30253,1.64689
438,fb1,1.68423,0.97696
438,fb2,1.51501,0.172989
439,fb0,1.30283,1.64631
439,fb1,1.68421,0.976323
439,fb2,1.5147,0.172241
440,fb0,1.30314,1.64572
440,fb1,1.6842,0.975685
440,fb2,1.51438,0.171495
441,fb0,1.30345,1.64515
441,fb1,1.68417,0.975045
441,fb2,1.51407,0.170751
442,fb0,1.30375,1.64457
442,fb1,1.68413,0.973856
442,fb2,1.51376,0.170009
443,fb0,1.30406,1.64399
443,fb1,1.68411,0.973158
443,fb2,1.51345,0.169263
444,fb0,1.30437,1.6434
444,fb1,1.6841,0.97252
444,fb2,1.51314,0.168518
445,fb0,1.30467,1.64282
445,fb1,1.68408,0.97188
445,fb2,1.51283,0.167775
446,fb0,1.30498,1.64224
446,fb1,1.68407,0.971238
446,fb2,1.51252,0.167034
447,fb0,1.30528,1.64167
447,fb1,1.68403,0.970049
447,fb2,1.51221,0.166295
448,fb0,1.30559,1.64108
448,fb1,1.68402,0.96935
448,fb2,1.5119,0.165552
449,fb0,1.3059,1.6405
449,fb1,1.68401,0.96871
449,fb2,1.51159,0.16481
450,fb0,1.30621,1.63992
450,fb1,1.68399,0.968069
450,fb2,1.51128,0.16407
451,fb0,1.30651,1.63934
451,fb1,1.68398,0.967426
451,fb2,1.51097,0.163332
452,fb0,1.30682,1.63877
452,fb1,1.68396,0.966781
452,fb2,1.51066,0.162596
453,fb0,1.30712,1.63819
453,fb1,1.68394,0.966135
453,fb2,1.51035,0.161862
454,fb0,1.30742,1.63762
454,fb1,1.68392,0.965487
454,fb2,1.51005,0.16113
455,fb0,1.30772,1.63705
455,fb1,1.6839,0.964838
455,fb2,1.50974,0.1604
456,fb0,1.30802,1.63649
456,fb1,1.68387,0.964187
456,fb2,1.50944,0.159671
457,fb0,1.30832,1.63592
457,fb1,1.68385,0.963535
457,fb2,1.50913,0.158945
458,fb0,1.30861,1.63536
458,fb1,1.68382,0.962882
458,fb2,1.50883,0.15822
459,fb0,1.30891,1.6348
459,fb1,1.68379,0.962227
459,fb2,1.50853,0.157497
460,fb0,1.30921,1.63424
460,fb1,1.68376,0.961571
460,fb2,1.50823,0.156776
461,fb0,1.3095,1.63368
461,fb1,1.68372,0.960914
461,fb2,1.50792,0.156056
462,fb0,1.30979,1.63313
462,fb1,1.68368,0.960256
462,fb2,1.50762,0.155338
463,fb0,1.31008,1.63258
463,fb1,1.68365,0.959596
463,fb2,1.50732,0.154621
464,fb0,1.31038,1.63202
464,fb1,1.68361,0.958936
464,fb2,1.50702,0.153906
465,fb0,1.31067,1.63147
465,fb1,1.68356,0.958274
465,fb2,1.50673,0.153192
466,fb0,1.31096,1.63093
466,fb1,1.68352,0.957612
466,fb2,1.50643,0.15248
467,fb0,1.31124,1.63038
467,fb1,1.68347,0.956949
467,fb2,1.50613,0.151769
468,fb0,1.31153,1.62983
468,fb1,1.68342,0.956284
468,fb2,1.50583,0.151059
469,fb0,1.31182,1.62929
469,fb1,1.68337,0.955619
469,fb2,1.50554,0.150351
470,fb0,1.31211,1.62875
470,fb1,1.68332,0.954953
470,fb2,1.50524,0.149644
471,fb0,1.31239,1.62821
471,fb1,1.68327,0.954286
471,fb2,1.50495,0.148938
472,fb0,1.31268,1.62767
472,fb1,1.68321,0.953618
472,fb2,1.50465,0.148233
473,fb0,1.31296,1.62713
473,fb1,1.68315,0.95295
473,fb2,1.50436,0.147529
474,fb0,1.31324,1.62659
474,fb1,1.68309,0.952281
474,fb2,1.50406,0.146827
475,fb0,1.31353,1.62605
475,fb1,1.68303,0.951611
475,fb2,1.50377,0.146125
476,fb0,1.31381,1.62552
476,fb1,1.68297,0.95094
476,fb2,1.50348,0.145425
477,fb0,1.31409,1.62499
477,fb1,1.6829,0.950269
477,fb2,1.50318,0.144725
478,fb0,1.31437,1.62445
478,fb1,1.68284,0.949598
478,fb2,1.50289,0.144027
479,fb0,1.31465,1.62392
479,fb1,1.68277,0.948925
479,fb2,1.5026,0.143329
480,fb0,1.31493,1.62339
480,fb1,1.6827,0.948252
480,fb2,1.50231,0.142633
481,fb0,1.31521,1.62286
481,fb1,1.68262,0.947579
481,fb2,1.50202,0.141937
482,fb0,1.31549,1.62234
482,fb1,1.68255,0.946905
482,fb2,1.50173,0.141242
483,fb0,1.31577,1.62181
483,fb1,1.68247,0.94623
483,fb2,1.50144,0.140549
484,fb0,1.31605,1.62128
484,fb1,1.6824,0.945555
484,fb2,1.50115,0.139856
485,fb0,1.31632,1.62076
485,fb1,1.68232,0.94488
485,fb2,1.50086,0.139163
486,fb0,1.3166,1.62023
486,fb1,1.68224,0.944204
486,fb2,1.50057,0.138472
487,fb0,1.31688,1.61971
487,fb1,1.68215,0.943528
487,fb2,1.50028,0.137782
488,fb0,1.31715,1.61919
488,fb1,1.68207,0.942851
488,fb2,1.49999,0.137092
489,fb0,1.31743,1.61867
489,fb1,1.68198,0.942174
489,fb2,1.4997,0.136403
490,fb0,1.3177,1.61815
490,fb1,1.6819,0.941497
490,fb2,1.49941,0.135714
491,fb0,1.31798,1.61763
491,fb1,1.68181,0.940819
491,fb2,1.49912,0.135027
492,fb0,1.31825,1.61711
492,fb1,1.68171,0.940141
492,fb2,1.49884,0.13434
493,fb0,1.31852,1.61659
493,fb1,1.68162,0.939463
493,fb2,1.49855,0.133653
494,fb0,1.3188,1.61607
494,fb1,1.68153,0.938785
494,fb2,1.49826,0.132967
495,fb0,1.31907,1.61555
495,fb1,1.68143,0.938106
495,fb2,1.49798,0.132282
496,fb0,1.31934,1.61504
496,fb1,1.68133,0.937427
496,fb2,1.49769,0.131598
497,fb0,1.31961,1.61452
497,fb1,1.68123,0.936747
497,fb2,1.4974,0.130914
498,fb0,1.31989,1.61401
498,fb1,1.68113,0.936068
498,fb2,1.49712,0.130231
499,fb0,1.32016,1.6135
499,fb1,1.68103,0.935388
499,fb2,1.49683,0.129548
500,fb0,1.32043,1.61298
500,fb1,1.68093,0.934708
500,fb2,1.49655,0.128866
501,fb0,1.3207,1.61247
501,fb1,1.68082,0.934028
501,fb2,1.49626,0.128184
502,fb0,1.32097,1.61196
502,fb1,1.68071,0.933348
502,fb2,1.49598,0.127503
503,fb0,1.32124,1.61145
503,fb1,1.6806,0.932667
503,fb2,1.49569,0.126823
504,fb0,1.32151,1.61094
504,fb1,1.68049,0.931987
504,fb2,1.49541,0.126143
505,fb0,1.32178,1.61043
505,fb1,1.68038,0.931306
505,fb2,1.49512,0.125463
506,fb0,1.32204,1.60992
506,fb1,1.68027,0.930625
506,fb2,1.49484,0.124784
507,fb0,1.32231,1.60941
507,fb1,1.68015,0.929944
507,fb2,1.49455,0.124105
508,fb0,1.32258,1.60891
508,fb1,1.68004,0.929263
508,fb2,1.49427,0.123427
509,fb0,1.32285,1.6084
509,fb1,1.67992,0.928582
509,fb2,1.49399,0.122749
510,fb0,1.32311,1.6079
510,fb1,1.6798,0.9279
510,fb2,1.4937,0.122072
511,fb0,1.32338,1.60739
511,fb1,1.67968,0.927219
511,fb2,1.49342,0.121395
512,fb0,1.32365,1.60688
512,fb1,1.67956,0.926538
512,fb2,1.49314,0.120718
513,fb0,1.32391,1.60638
513,fb1,1.67943,0.925856
513,fb2,1.49285,0.120042
514,fb0,1.32418,1.60588
514,fb1,1.67931,0.925175
514,fb2,1.49257,0.119366
515,fb0,1.32445,1.60537
515,fb1,1.67918,0.924493
515,fb2,1.49229,0.118691
516,fb0,1.32471,1.60487
516,fb1,1.67905,0.923812
516,fb2,1.49201,0.118016
517,fb0,1.32498,1.60437
517,fb1,1.67892,0.92313
517,fb2,1.49172,0.117341
518,fb0,1.32524,1.60387
518,fb1,1.67879,0.922449
518,fb2,1.49144,0.116667
519,fb0,1.3255,1.60337
519,fb1,1.67866,0.921767
519,fb2,1.49116,0.115993
520,fb0,1.32577,1.60287
520,fb1,1.67853,0.921085
520,fb2,1.49088,0.115319
521,fb0,1.32603,1.60237
521,fb1,1.67839,0.920404
521,fb2,1.4906,0.114645
522,fb0,1.3263,1.60187
522,fb1,1.67826,0.919722
522,fb2,1.49032,0.113972
523,fb0,1.32656,1.60137
523,fb1,1.67812,0.919041
523,fb2,1.49003,0.1133
524,fb0,1.32682,1.60087
524,fb1,1.67798,0.918359
524,fb2,1.48975,0.112627
525,fb0,1.32708,1.60038
525,fb1,1.67784,0.917678
525,fb2,1.48947,0.111955
526,fb0,1.32735,1.59988
526,fb1,1.6777,0.916996
526,fb2,1.48919,0.111283
527,fb0,1.32761,1.59938
527,fb1,1.67756,0.916315
527,fb2,1.48891,0.110611
528,fb0,1.32787,1.59889
528,fb1,1.67741,0.915634
528,fb2,1.48863,0.10994
529,fb0,1.32813,1.59839
529,fb1,1.67727,0.914952
529,fb2,1.48835,0.109269
530,fb0,1.32839,1.5979
530,fb1,1.67712,0.914271
530,fb2,1.48807,0.108598
531,fb0,1.32865,1.5974
531,fb1,1.67697,0.91359
531,fb2,1.48779,0.107927
532,fb0,1.32892,1.59691
532,fb1,1.67682,0.912909
532,fb2,1.48751,0.107257
533,fb0,1.32918,1.59641
533,fb1,1.67667,0.912228
533,fb2,1.48723,0.106586
534,fb0,1.32944,1.59592
534,fb1,1.67652,0.911547
534,fb2,1.48695,0.105916
535,fb0,1.3297,1.59543
535,fb1,1.67637,0.910866
535,fb2,1.48667,0.105245
536,fb0,1.32996,1.59494
536,fb1,1.67622,0.910186
536,fb2,1.48639,0.104575
537,fb0,1.33022,1.59445
537,fb1,1.67606,0.909505
537,fb2,1.48612,0.103904
538,fb0,1.33047,1.59395
538,fb1,1.67591,0.908825
538,fb2,1.48584,0.103234
539,fb0,1.33073,1.59346
539,fb1,1.67575,0.908144
539,fb2,1.48556,0.102564
540,fb0,1.33099,1.59297
540,fb1,1.67559,0.907464
540,fb2,1.48529,0.101893
541,fb0,1.33125,1.59248
541,fb1,1.67543,0.906784
541,fb2,1.48501,0.101223
542,fb0,1.33151,1.592
542,fb1,1.67527,0.906104
542,fb2,1.48474,0.100553
543,fb0,1.33177,1.59151
543,fb1,1.67511,0.905424
543,fb2,1.48446,0.0998831
544,fb0,1.33203,1.59102
544,fb1,1.67494,0.904744
544,fb2,1.48419,0.0992131
545,fb0,1.33228,1.59053
545,fb1,1.67478,0.904065
545,fb2,1.48391,0.0985433
546,fb0,1.33254,1.59004
546,fb1,1.67461,0.903385
546,fb2,1.48364,0.0978734
547,fb0,1.3328,1.58956
547,fb1,1.67445,0.902706
547,fb2,1.48337,0.0972034
548,fb0,1.33305,1.58907
548,fb1,1.67428,0.902026
548,fb2,1.4831,0.0965335
549,fb0,1.33331,1.58858
549,fb1,1.67411,0.901347
549,fb2,1.48282,0.0958638
550,fb0,1.33357,1.5881
550,fb1,1.67394,0.900668
550,fb2,1.48255,0.095194
551,fb0,1.33382,1.58761
551,fb1,1.67377,0.899989
551,fb2,1.48228,0.0945244
552,fb0,1.33408,1.58713
552,fb1,1.6736,0.899311
552,fb2,1.48201,0.0938546
553,fb0,1.33434,1.58664
553,fb1,1.67342,0.898632
553,fb2,1.48174,0.093185
554,fb0,1.33459,1.58616
554,fb1,1.67325,0.897954
554,fb2,1.48147,0.0925155
555,fb0,1.33485,1.58567
555,fb1,1.67308,0.897276
555,fb2,1.4812,0.0918459
556,fb0,1.3351,1.58519
556,fb1,1.6729,0.896597
556,fb2,1.48093,0.0911764
557,fb0,1.33536,1.58471
557,fb1,1.67272,0.89592
557,fb2,1.48066,0.0905069
558,fb0,1.33561,1.58423
558,fb1,1.67254,0.895242
558,fb2,1.4804,0.0898374
559,fb0,1.33587,1.58374
559,fb1,1.67236,0.894564
559,fb2,1.48013,0.0891678
560,fb0,1.33612,1.58326
560,fb1,1.67218,0.893887
560,fb2,1.47986,0.0884983
561,fb0,1.33637,1.58278
561,fb1,1.672,0.89321
561,fb2,1.47959,0.087829
562,fb0,1.33663,1.5823
562,fb1,1.67182,0.892532
562,fb2,1.47933,0.0871596
563,fb0,1.33688,1.58182
563,fb1,1.67164,0.891856
563,fb2,1.47906,0.0864902
564,fb0,1.33714,1.58134
564,fb1,1.67145,0.891179
564,fb2,1.47879,0.0858207
565,fb0,1.33739,1.58086
565,fb1,1.67127,0.890502
565,fb2,1.47853,0.0851514
566,fb0,1.33764,1.58038
566,fb1,1.67108,0.889826
566,fb2,1.47826,0.0844821
567,fb0,1.3379,1.5799
567,fb1,1.6709,0.88915
567,fb2,1.478,0.0838128
568,fb0,1.33815,1.57942
568,fb1,1.67071,0.888474
568,fb2,1.47773,0.0831435
569,fb0,1.3384,1.57894
569,fb1,1.67052,0.887798
569,fb2,1.47747,0.0824743
570,fb0,1.33865,1.57846
570,fb1,1.67033,0.887122
570,fb2,1.4772,0.0818051
571,fb0,1.33891,1.57799
571,fb1,1.67014,0.886447
571,fb2,1.47694,0.0811359
572,fb0,1.33916,1.57751
572,fb1,1.66995,0.885771
572,fb2,1.47668,0.0804668
573,fb0,1.33941,1.57703
573,fb1,1.66975,0.885096
573,fb2,1.47641,0.0797976
574,fb0,1.33966,1.57655
574,fb1,1.66956,0.884421
574,fb2,1.47615,0.0791285
575,fb0,1.33991,1.57608
575,fb1,1.66923,0.883273
575,fb2,1.47589,0.0784592
576,fb0,1.34017,1.57559
576,fb1,1.6689,0.882067
576,fb2,1.47562,0.0777846
577,fb0,1.34043,1.5751
577,fb1,1.66859,0.880855
577,fb2,1.47536,0.0771035
578,fb0,1.3407,1.57459
578,fb1,1.66842,0.880136
578,fb2,1.47509,0.0764158
579,fb0,1.34096,1.57409
579,fb1,1.66827,0.879473
579,fb2,1.47482,0.0757273
580,fb0,1.34123,1.57358
580,fb1,1.66811,0.878809
580,fb2,1.47455,0.0750395
581,fb0,1.3415,1.57308
581,fb1,1.66796,0.878145
581,fb2,1.47428,0.0743519
582,fb0,1.34176,1.57257
582,fb1,1.6678,0.87748
582,fb2,1.47401,0.0736649
583,fb0,1.34203,1.57207
583,fb1,1.66764,0.876816
583,fb2,1.47374,0.0729783
584,fb0,1.34229,1.57157
584,fb1,1.66748,0.876151
584,fb2,1.47348,0.0722921
585,fb0,1.34256,1.57107
585,fb1,1.66732,0.875486
585,fb2,1.47321,0.0716063
586,fb0,1.34282,1.57057
586,fb1,1.66716,0.874821
586,fb2,1.47294,0.070921
587,fb0,1.34309,1.57007
587,fb1,1.66699,0.874155
587,fb2,1.47268,0.0702362
588,fb0,1.34335,1.56957
588,fb1,1.66683,0.87349
588,fb2,1.47241,0.0695516
589,fb0,1.34361,1.56907
589,fb1,1.66666,0.872824
589,fb2,1.47215,0.0688675
590,fb0,1.34388,1.56857
590,fb1,1.66649,0.872158
590,fb2,1.47189,0.0681837
591,fb0,1.34414,1.56808
591,fb1,1.66633,0.871492
591,fb2,1.47162,0.0675003
592,fb0,1.3444,1.56758
592,fb1,1.66616,0.870826
592,fb2,1.47136,0.0668174
593,fb0,1.34466,1.56709
593,fb1,1.66598,0.87016
593,fb2,1.4711,0.0661346
594,fb0,1.34492,1.56659
594,fb1,1.66581,0.869494
594,fb2,1.47084,0.0654523
595,fb0,1.34518,1.5661
595,fb1,1.66564,0.868828
595,fb2,1.47058,0.0647702
596,fb0,1.34544,1.56561
596,fb1,1.66547,0.868162
596,fb2,1.47032,0.0640885
597,fb0,1.3457,1.56511
597,fb1,1.66529,0.867495
597,fb2,1.47006,0.0634072
598,fb0,1.34596,1.56462
598,fb1,1.66511,0.866829
598,fb2,1.4698,0.0627261
599,fb0,1.34622,1.56413
599,fb1,1.66494,0.866162
599,fb2,1.46954,0.0620453
600,fb0,1.34648,1.56364
600,fb1,1.66476,0.865496
600,fb2,1.46928,0.0613647
